time,seq,stamp,x,y,z
1692188705695309463,362,7459000000,14.797268138037865,3.796163835442037,0.8590001697119336
1692188705715187039,363,7479000000,14.797268138037865,3.796163835442037,0.8590001697119336
1692188705736810509,364,7499000000,14.797268138037865,3.796163835442037,0.8590001697119336
1692188705754993955,365,7519000000,14.797268138037865,3.796163835442037,0.8590001697119336
1692188705782354015,366,7539000000,14.797268138037865,3.796163835442037,0.8590001697119336
1692188705795021115,367,7559000000,14.797268138037865,3.796163835442037,0.8590001697119336
1692188705815086377,368,7579000000,14.797268138037865,3.796163835442037,0.8590001697119336
1692188705865092224,369,7599000000,14.797268138037865,3.796163835442037,0.8590001697119336
1692188705865120185,370,7619000000,14.797268138037865,3.796163835442037,0.8590001697119336
1692188705915580346,371,7639000000,14.797268138037865,3.796163835442037,0.8590001697119335
1692188705915619140,372,7659000000,14.797268138037865,3.796163835442037,0.8590001697119336
1692188705976782763,373,7679000000,14.797268138037865,3.796163835442037,0.8590001697119335
1692188705976884828,374,7699000000,14.797268138037865,3.796163835442037,0.8590001697119335
1692188705976964400,375,7719000000,14.797268138037865,3.796163835442037,0.8590001697119336
1692188706025649459,376,7739000000,14.797268138037865,3.796163835442037,0.8590001697119336
1692188706025676621,377,7759000000,14.797268138037865,3.796163835442037,0.8590001697119336
1692188706025718952,378,7779000000,14.797268138037865,3.796163835442037,0.8590001697119336
1692188706075511331,379,7799000000,14.797268138037865,3.796163835442037,0.8590001697119336
1692188706075531823,380,7819000000,14.797268138037865,3.796163835442037,0.8590001697119336
1692188706082022266,381,7839000000,14.797268138037865,3.796163835442037,0.8590001697119336
1692188706095060892,382,7859000000,14.797268138037865,3.796163835442037,0.8590001697119336
1692188706145631146,383,7879000000,14.797268138037865,3.796163835442037,0.8590001697119336
1692188706195637253,384,7899000000,14.797268138037865,3.796163835442037,0.8590001697119336
1692188706195660978,385,7919000000,14.797268138037865,3.796163835442037,0.8590001697119336
1692188706255506334,386,7939000000,14.797268138037865,3.796163835442037,0.8590001697119336
1692188706255518580,387,7959000000,14.797268138037865,3.796163835442037,0.8590001697119336
1692188706255523718,388,7979000000,14.797268138037865,3.796163835442037,0.8590001697119336
1692188706305479694,389,7999000000,14.797268138037865,3.796163835442037,0.8590001697119336
1692188706305501576,390,8019000000,14.797268138037865,3.796163835442037,0.8590001697119336
1692188706305504732,391,8039000000,14.797268138037865,3.796163835442037,0.8590001697119336
1692188706305515551,392,8059000000,14.797268138037865,3.796163835442037,0.8590001697119335
1692188706355503717,393,8079000000,14.797268138037865,3.796163835442037,0.8590001697119336
1692188706361065430,394,8099000000,14.797268138037865,3.796163835442037,0.8590001697119336
1692188706405636590,395,8119000000,14.797268138037865,3.796163835442037,0.8590001697119336
1692188706405669063,396,8139000000,14.797268138037865,3.796163835442037,0.8590001697119336
1692188706405694461,397,8159000000,14.797268138037865,3.796163835442037,0.8590001697119336
1692188706455468665,398,8179000000,14.797268138037865,3.796163835442037,0.8590001697119336
1692188706458014172,399,8199000000,14.797268138037865,3.796163835442037,0.8590001697119336
1692188706505506194,400,8219000000,14.797268138037865,3.796163835442037,0.8590001697119336
1692188706505541224,401,8239000000,14.797268138037865,3.796163835442037,0.8590001697119336
1692188706505572128,402,8259000000,14.797268138037865,3.796163835442037,0.8590001697119336
1692188706555531532,403,8279000000,14.797268138037865,3.796163835442037,0.8590001697119336
1692188706580730125,404,8299000000,14.797268138037865,3.796163835442037,0.8590001697119336
1692188706635537081,405,8319000000,14.797268138037865,3.796163835442037,0.8590001697119336
1692188706635556963,406,8339000000,14.797268138037865,3.796163835442037,0.8590001697119336
1692188706635589795,407,8359000000,14.797268138037865,3.796163835442037,0.8590001697119336
1692188706635607246,408,8379000000,14.797268138037865,3.796163835442037,0.8590001697119335
1692188706685498124,409,8399000000,14.797268138037865,3.796163835442037,0.8590001697119335
1692188706685513483,410,8419000000,14.807522994667334,3.7965177769287184,0.8590001696590692
1692188706685520076,411,8439000000,14.826811590084278,3.796938342499817,0.8590001696590556
1692188706695687822,412,8459000000,14.846113447214163,3.797599531085492,0.8590001696590324
1692188706717845223,413,8479000000,14.865395754746208,3.798592404192124,0.8590001696590053
1692188706775557664,414,8499000000,14.884652356325905,3.7999241935298778,0.8590001696589894
1692188706775587607,415,8519000000,14.903877249769716,3.801596118970438,0.8590001696589864
1692188706825801854,416,8539000000,14.923064400968036,3.8036088720467465,0.8590001696589967
1692188706825842973,417,8559000000,14.942207729599712,3.805962988887375,0.859000169659021
1692188706825861423,418,8579000000,14.961301111152222,3.8086588722513617,0.8590001696590597
1692188706885643353,419,8599000000,14.980338380711007,3.811696789589426,0.8590001696591133
1692188706885708307,420,8619000000,14.999313337137997,3.815076869568267,0.8590001696591824
1692188706885756434,421,8639000000,15.018219747516223,3.818799098612046,0.8590001696592674
1692188706945677846,422,8659000000,15.03705135184681,3.8228633175850537,0.859000169659369
1692188706945710606,423,8679000000,15.055801867992294,3.827269218642091,0.8590001696594877
1692188706959356920,424,8699000000,15.07446499687234,3.83201634221958,0.859000169659624
1692188706959385924,425,8719000000,15.093032139871829,3.837078606652924,0.8590001696544088
1692188707015568765,426,8739000000,15.111494448902503,3.842424749826844,0.8590001696709524
1692188707015590619,427,8759000000,15.129845062157298,3.84810732631496,0.8590002376833138
1692188707065607100,428,8779000000,15.148080275259938,3.8541192956816586,0.8589998977599037
1692188707065640815,429,8799000000,15.166189986195018,3.860480000920407,0.8589986590951738
1692188707065660923,430,8819000000,15.184183988055684,3.8672845219101095,0.8589994234083
1692188707115731134,431,8839000000,15.202023985788315,3.874394850393897,0.8589978592903315
1692188707115763388,432,8859000000,15.21972713976491,3.88179817540868,0.8589990447080134
1692188707120180423,433,8879000000,15.237292881662006,3.8895358105152336,0.8589981028384573
1692188707158115199,434,8899000000,15.254672755849114,3.897553646476855,0.8590001696722582
1692188707215601117,435,8919000000,15.271888976414,3.90586430506504,0.859000169672181
1692188707215636818,436,8939000000,15.2889156785078,3.9145458627200265,0.8590001696720542
1692188707215680539,437,8959000000,15.305737516263031,3.923595905166516,0.8590001696512626
1692188707265640282,438,8979000000,15.322345727695708,3.932987878401831,0.8590001696508427
1692188707282938873,439,8999000000,15.338733621132512,3.942747131291288,0.8590001696504426
1692188707335579148,440,9019000000,15.354888573723535,3.952878146774949,0.8590001696500533
1692188707335614375,441,9039000000,15.370802042608874,3.963376406192489,0.8590001696480234
1692188707335644460,442,9059000000,15.386465976925008,3.974236563362577,0.859000169648422
1692188707335649252,443,9079000000,15.40187247275682,3.9854530530035146,0.859000169648849
1692188707385631524,444,9099000000,15.417013752115182,3.997020134345177,0.8590001696493041
1692188707385672493,445,9119000000,15.43188216496004,4.008931896622481,0.8590001696497874
1692188707394710726,446,9139000000,15.446470192783746,4.021182262099974,0.8590001696502985
1692188707396034616,447,9159000000,15.460770452248063,4.033764989002936,0.8590001696508371
1692188707445932039,448,9179000000,15.474775698765033,4.04667367451635,0.859000169651403
1692188707495577328,449,9199000000,15.48847883001227,4.059901757861407,0.859000169651996
1692188707495605169,450,9219000000,15.501872889380405,4.073442523448849,0.8590001696526157
1692188707495632052,451,9239000000,15.514951069350952,4.0872891041077,0.8590001696532619
1692188707495637260,452,9259000000,15.527706714802944,4.101434484387875,0.8590001696539343
1692188707545574206,453,9279000000,15.540133326246776,4.1158715039350495,0.8590001696546545
1692188707564195884,454,9299000000,15.552224562983287,4.130592860936513,0.8590001696554345
1692188707615578707,455,9319000000,15.563974246188051,4.145591115635145,0.8590001696562417
1692188707615606009,456,9339000000,15.575376361915714,4.160858693912794,0.8590001696570759
1692188707615612682,457,9359000000,15.586425064027075,4.1763878909378205,0.8590001696579138
1692188707675563395,458,9379000000,15.597114677035837,4.192170874876746,0.8590001696587434
1692188707680274611,459,9399000000,15.607439698873318,4.208199690668219,0.859000169659601
1692188707725515210,460,9419000000,15.6173948035694,4.224466263857772,0.8590001696604861
1692188707725526843,461,9439000000,15.626974843849084,4.240962404491079,0.8590001696613982
1692188707725534723,462,9459000000,15.636393395016816,4.25755945328641,0.8590001696627065
1692188707725543765,463,9479000000,15.645586519259314,4.274292202816347,0.8590001696623244
1692188707786525733,464,9499000000,15.654578467966113,4.29113693194477,0.8590001696622955
1692188707786552944,465,9519000000,15.663555560447817,4.307989846591988,0.8590001696622939
1692188707786558064,466,9539000000,15.672531541842652,4.324843372835211,0.859000169662294
1692188707795189672,467,9559000000,15.681507352445166,4.341696993082357,0.8590001696622942
1692188707819396154,468,9579000000,15.69048305649652,4.358550671973809,0.8590001696622944
1692188707875545095,469,9599000000,15.6994586583835,4.375404407094325,0.8590001696622948
1692188707875564330,470,9619000000,15.708434158403604,4.392258198279391,0.859000169662295
1692188707925665156,471,9639000000,15.717409556574946,4.409112045518259,0.8590001696622952
1692188707925675365,472,9659000000,15.726384852896569,4.425965948810696,0.8590001696622954
1692188707925701205,473,9679000000,15.7353600473662,4.44281990815718,0.8590001696622958
1692188707975774614,474,9699000000,15.74433513998147,4.459673923558235,0.859000169662296
1692188707975812885,475,9719000000,15.753310130740022,4.476527995014395,0.8590001696622962
1692188707987976978,476,9739000000,15.762285019639483,4.493382122526191,0.8590001696622964
1692188707995585914,477,9759000000,15.771259806677488,4.510236306094153,0.8590001696622968
1692188708035637777,478,9779000000,15.780234491851669,4.5270905457188135,0.859000169662297
1692188708085582375,479,9799000000,15.789209075159658,4.543944841400702,0.8590001696622972
1692188708085618021,480,9819000000,15.798183556599092,4.560799193140353,0.8590001696622974
1692188708135582473,481,9839000000,15.807157936167588,4.577653600938296,0.8590001696622978
1692188708135602841,482,9859000000,15.816132213862794,4.594508064795063,0.859000169662298
1692188708135658628,483,9879000000,15.825106389682336,4.611362584711182,0.8590001696622982
1692188708185510451,484,9899000000,15.834080463623849,4.628217160687189,0.8590001696622985
1692188708185520851,485,9919000000,15.84305443568497,4.645071792723612,0.8590001696622988
1692188708202247474,486,9939000000,15.85202830586332,4.661926480820983,0.859000169662299
1692188708202269935,487,9959000000,15.861002074156534,4.678781224979833,0.8590001696622992
1692188708245557131,488,9979000000,15.869975740562252,4.695636025200694,0.8590001696622995
1692188708245576620,489,9999000000,15.878949305078097,4.712490881484098,0.8590001696622998
1692188708295655382,490,10019000000,15.887922767701705,4.729345793830572,0.8590001696623
1692188708295689966,491,10039000000,15.8968961284307,4.746200762240652,0.8590001696623003
1692188708345789527,492,10059000000,15.90586938726273,4.763055786714868,0.8590001696623005
1692188708364043308,493,10079000000,15.914842544195407,4.779910867253749,0.8590001696623007
1692188708405507536,494,10099000000,15.923815599226389,4.796766003857825,0.859000169662301
1692188708405533011,495,10119000000,15.932788552353284,4.813621196527631,0.8590001696623012
1692188708405546822,496,10139000000,15.941761403573722,4.830476445263698,0.8590001696623015
1692188708405570806,497,10159000000,15.950734152885351,4.847331750066554,0.8590001696623017
1692188708455626802,498,10179000000,15.959706800285796,4.864187110936734,0.859000169662302
1692188708470526095,499,10199000000,15.968679345772689,4.881042527874765,0.8590001696623022
1692188708515636202,500,10219000000,15.977651789343664,4.897898000881178,0.8590001696623025
1692188708515673249,501,10239000000,15.98662413099634,4.914753529956507,0.8590001696623027
1692188708515717868,502,10259000000,15.995596370728364,4.93160911510128,0.859000169662303
1692188708565546052,503,10279000000,16.004568508537357,4.948464756316029,0.8590001696623033
1692188708565574403,504,10299000000,16.013540544420945,4.965320453601286,0.8590001696623035
1692188708569329782,505,10319000000,16.022512478376782,4.982176206957578,0.8590001696623037
1692188708596261585,506,10339000000,16.031484310402472,4.999032016385439,0.859000169662304
1692188708645730724,507,10359000000,16.04045604049566,5.015887881885401,0.8590001696623043
1692188708645767819,508,10379000000,16.049427668653983,5.032743803457992,0.8590001696623045
1692188708645784226,509,10399000000,16.058399194875058,5.049599781103744,0.8590001696623047
1692188708705704461,510,10419000000,16.06737061915652,5.066455814823191,0.859000169662305
1692188708705742328,511,10439000000,16.076341941496004,5.083311904616858,0.8590001696623053
1692188708705750038,512,10459000000,16.085313161891143,5.100168050485281,0.8590001696623055
1692188708765476259,513,10479000000,16.094284280339565,5.117024252428986,0.8590001696623057
1692188708770739293,514,10499000000,16.10325529683889,5.133880510448504,0.859000169662306
1692188708815766204,515,10519000000,16.112226211386762,5.150736824544371,0.8590001696623063
1692188708815788701,516,10539000000,16.121197023980802,5.167593194717113,0.8590001696623065
1692188708815795329,517,10559000000,16.13016773461865,5.1844496209672615,0.8590001696623067
1692188708875534460,518,10579000000,16.13913834329793,5.201306103295349,0.8590001696623071
1692188708878330190,519,10599000000,16.14810885001627,5.218162641701905,0.8590001696623073
1692188708925558327,520,10619000000,16.157079254771304,5.23501923618746,0.8590001696623075
1692188708925574541,521,10639000000,16.16604955756067,5.251875886752546,0.8590001696623079
1692188708925579457,522,10659000000,16.175019758381985,5.268732593397687,0.8590001696623081
1692188708925593724,523,10679000000,16.18398985723289,5.285589356123421,0.8590001696623083
1692188708975563712,524,10699000000,16.192959854111006,5.3024461749302745,0.8590001696623085
1692188708975594703,525,10719000000,16.201929749013974,5.319303049818783,0.8590001696623089
1692188708994790269,526,10739000000,16.21089954193941,5.336159980789474,0.8590001696623091
1692188708995060509,527,10759000000,16.219869232884953,5.353016967842876,0.8590001696623093
1692188709045656217,528,10779000000,16.22883882184823,5.369874010979523,0.8590001696623095
1692188709095581218,529,10799000000,16.23780830882687,5.386731110199944,0.8590001696623097
1692188709095615403,530,10819000000,16.246777693818512,5.403588265504667,0.8590001696623101
1692188709145579738,531,10839000000,16.255746976820767,5.420445476894226,0.8590001696623103
1692188709145607139,532,10859000000,16.264716157831284,5.437302744369149,0.8590001696623106
1692188709145642689,533,10879000000,16.27368523684768,5.454160067929968,0.8590001696623109
1692188709195738395,534,10899000000,16.28265421386759,5.471017447577216,0.8590001696623111
1692188709195770537,535,10919000000,16.29162308888864,5.487874883311418,0.8590001696623113
1692188709199841779,536,10939000000,16.300591861908458,5.504732375133107,0.8590001696623115
1692188709199917499,537,10959000000,16.30956053292468,5.521589923042813,0.8590001696623119
1692188709245621726,538,10979000000,16.318529101934928,5.538447527041067,0.8590001696623121
1692188709245651630,539,10999000000,16.327497568936845,5.555305187128398,0.8590001696623123
1692188709295527671,540,11019000000,16.33646593392805,5.572162903305335,0.8590001696623126
1692188709301049672,541,11039000000,16.345434196906172,5.589020675572415,0.8590001696623129
1692188709345689101,542,11059000000,16.35440235786884,5.605878503930161,0.8590001696623131
1692188709345717762,543,11079000000,16.36307919224058,5.62289503439904,0.8590001696622
1692188709345730318,544,11099000000,16.371678203773687,5.639943825741828,0.8590001696634486
1692188709395531719,545,11119000000,16.380026118081254,5.657118250464483,0.8590001696644642
1692188709395547442,546,11139000000,16.38798942931601,5.674481634056784,0.8590001696654861
1692188709403876629,547,11159000000,16.395554689431144,5.692030194821613,0.8590001696665315
1692188709439075432,548,11179000000,16.40271726564661,5.709755443460966,0.8590001696676011
1692188709485624370,549,11199000000,16.409473316166455,5.727648501738665,0.8590001696686504
1692188709485648356,550,11219000000,16.415819236915876,5.745700390057453,0.8590001696697641
1692188709485653346,551,11239000000,16.421751625088525,5.763902049988727,0.8590001696709004
1692188709545714415,552,11259000000,16.42726727807579,5.782244350024526,0.8590001696720588
1692188709545775414,553,11279000000,16.432363194881155,5.800718090070999,0.8590001696732389
1692188709545789058,554,11299000000,16.437036577584433,5.819314005885577,0.8590001696744399
1692188709605527817,555,11319000000,16.441284832718974,5.838022773559187,0.859000169675693
1692188709605563717,556,11339000000,16.445105572561037,5.856835014026236,0.8590001696775033
1692188709605596103,557,11359000000,16.44857067781726,5.875738811667595,0.8590001696697257
1692188709655908796,558,11379000000,16.451798041829786,5.894724057180019,0.859000169671167
1692188709679275305,559,11399000000,16.454793436355086,5.9137807711136725,0.859000169671378
1692188709735600973,560,11419000000,16.4575732736788,5.932897811819207,0.8590001695818983
1692188709735629147,561,11439000000,16.460032231999108,5.952071514460108,0.8589945449876927
1692188709735641992,562,11459000000,16.46200798134328,5.971280162111418,0.8589996932014535
1692188709735644877,563,11479000000,16.463810275687297,5.990528312993048,0.8589996649136026
1692188709785554065,564,11499000000,16.465510303007093,6.009806148879845,0.8590001696595594
1692188709785577173,565,11519000000,16.46679299294011,6.0290944292775945,0.8590001696877714
1692188709787998365,566,11539000000,16.467167299620947,6.048399861016177,0.8590001696874993
1692188709796574025,567,11559000000,16.467405279619495,6.067711528225323,0.8590001696875371
1692188709845578424,568,11579000000,16.46763361593164,6.087023629960253,0.8590001696875418
1692188709895648027,569,11599000000,16.467861024602612,6.1063357732876105,0.8590001696875437
1692188709895685161,570,11619000000,16.468088107307313,6.125647931218048,0.8590001696875454
1692188709945560434,571,11639000000,16.468314905577852,6.14496010188617,0.8590001696875471
1692188709945592966,572,11659000000,16.468541422277198,6.164272285159737,0.8590001696875489
1692188709945624907,573,11679000000,16.468767657598786,6.183584481026119,0.8590001696875506
1692188709945633771,574,11699000000,16.468993611551774,6.202896689480932,0.8590001696875522
1692188709995580368,575,11719000000,16.469219284132603,6.222208910520367,0.8590001696875539
1692188709995607788,576,11739000000,16.469444675336824,6.241521144140648,0.8590001696875557
1692188710003270357,577,11759000000,16.469669785159915,6.260833390338009,0.8590001696875573
1692188710017303092,578,11779000000,16.469894613597376,6.280145649108683,0.8590001696875591
1692188710065560889,579,11799000000,16.470119160644686,6.299457920448899,0.8590001696875608
1692188710065614711,580,11819000000,16.470343426297354,6.318770204354884,0.8590001696875624
1692188710115931932,581,11839000000,16.47056741055086,6.338082500822876,0.8590001696875641
1692188710116030598,582,11859000000,16.47079111340068,6.357394809849099,0.8590001696875659
1692188710175584943,583,11879000000,16.47101453484231,6.376707131429784,0.8590001696875675
1692188710175623438,584,11899000000,16.47123767487124,6.39601946556116,0.8590001696875692
1692188710175668074,585,11919000000,16.471460533482958,6.415331812239461,0.8590001696875709
1692188710225503809,586,11939000000,16.471683110672963,6.434644171460911,0.8590001696875726
1692188710225536149,587,11959000000,16.471905406436736,6.453956543221741,0.8590001696875743
1692188710225542961,588,11979000000,16.47212742076977,6.473268927518182,0.859000169687576
1692188710276105021,589,11999000000,16.472349153667555,6.492581324346463,0.8590001696875778
1692188710276144029,590,12019000000,16.47257060512558,6.511893733702812,0.8590001696875794
1692188710325534394,591,12039000000,16.472791775139335,6.531206155583457,0.8590001696875812
1692188710325555769,592,12059000000,16.4730126637043,6.550518589984628,0.8590001696875829
1692188710375599641,593,12079000000,16.473281760997867,6.5698294692200365,0.8590001696788285
1692188710375650668,594,12099000000,16.474210092743153,6.589120849639394,0.8590001696777421
1692188710375705192,595,12119000000,16.47517203219787,6.608405698271127,0.8590001696770655
1692188710435526282,596,12139000000,16.476443380718177,6.627667376855313,0.8590001696764433
1692188710435555789,597,12159000000,16.478051731372705,6.646898689333954,0.8590001696758265
1692188710435576749,598,12179000000,16.479999408872423,6.666093556624637,0.859000169675212
1692188710485499133,599,12199000000,16.482286876314525,6.685245971156792,0.8590001696745999
1692188710485522512,600,12219000000,16.484914346696794,6.704349902169973,0.8590001696739907
1692188710494230635,601,12239000000,16.487881890602186,6.723399291097412,0.8590001696733849
1692188710494951605,602,12259000000,16.49118944091737,6.742388055087128,0.8590001696727828
1692188710535690403,603,12279000000,16.494836790645465,6.761310091393944,0.859000169672185
1692188710585496038,604,12299000000,16.498823590405596,6.780159282025096,0.859000169671592
1692188710585511487,605,12319000000,16.503149346085287,6.798929498581956,0.8590001696710042
1692188710635781342,606,12339000000,16.507813416691754,6.817614607284698,0.8590001696704223
1692188710635817142,607,12359000000,16.512815012132787,6.836208474252989,0.8590001696698467
1692188710635823032,608,12379000000,16.5181477031579,6.854703007453299,0.8590001696641962
1692188710685749864,609,12399000000,16.523754689576617,6.873085348986091,0.8590001696590276
1692188710685784078,610,12419000000,16.52963104737918,6.891348486229369,0.8590001696437608
1692188710703379422,611,12439000000,16.535807738073686,6.909476332760658,0.8590001696438223
1692188710703833592,612,12459000000,16.542358978604145,6.927462996125751,0.859000169643868
1692188710749752307,613,12479000000,16.549307050457948,6.945292471774625,0.8590001696439243
1692188710805642477,614,12499000000,16.55664986646784,6.962955862890542,0.8590001696439928
1692188710805677436,615,12519000000,16.56438338102438,6.980445034750998,0.8590001696440737
1692188710805684149,616,12539000000,16.572503243231804,6.997752028693457,0.8590001696441667
1692188710805696852,617,12559000000,16.581004912385524,7.014869024498559,0.8590001696442717
1692188710855531464,618,12579000000,16.58989458010356,7.031795446202332,0.8590001696640021
1692188710858305769,619,12599000000,16.599174865397558,7.04851808147355,0.8590001696626686
1692188710905497165,620,12619000000,16.60880835742149,7.065030669515482,0.8590001696575963
1692188710905540700,621,12639000000,16.618765391633303,7.081324442608628,0.8590001696558024
1692188710905548579,622,12659000000,16.6290468779072,7.097389649973206,0.8590001696587888
1692188710955693500,623,12679000000,16.63954772991422,7.113304583541184,0.8590001696571387
1692188710967194035,624,12699000000,16.650156412619605,7.1291558072038175,0.8590001696577004
1692188711025618191,625,12719000000,16.661028990903734,7.144822606505433,0.8590001696577456
1692188711025649185,626,12739000000,16.6719220293848,7.1604749287768445,0.8590001696577488
1692188711025658989,627,12759000000,16.68281641275194,7.176126298264387,0.8590001696577492
1692188711025790717,628,12779000000,16.693710834527305,7.191777640539066,0.8590001696577493
1692188711079140503,629,12799000000,16.70460520555715,7.207429018767158,0.8590001696577494
1692188711079180302,630,12819000000,16.71549951975648,7.223080437259646,0.8590001696577496
1692188711125585014,631,12839000000,16.726393776708836,7.238731896311292,0.8590001696577496
1692188711125627575,632,12859000000,16.73728797638456,7.254383395942804,0.8590001696577498
1692188711175598699,633,12879000000,16.748182118780406,7.270034936156188,0.85900016965775
1692188711175619878,634,12899000000,16.75907620389491,7.285686516952171,0.8590001696577501
1692188711225531721,635,12919000000,16.769970231726752,7.301338138331389,0.8590001696577502
1692188711225562680,636,12939000000,16.78086420227461,7.316989800294476,0.8590001696577503
1692188711225573197,637,12959000000,16.79175811553717,7.332641502842067,0.8590001696577505
1692188711275537320,638,12979000000,16.802651971513107,7.348293245974798,0.8590001696577506
1692188711275556238,639,12999000000,16.813545770201085,7.3639450296933,0.8590001696577507
1692188711275560104,640,13019000000,16.8244395115998,7.379596853998208,0.8590001696577508
1692188711335606660,641,13039000000,16.83533319570792,7.395248718890156,0.859000169657751
1692188711335644733,642,13059000000,16.84622682252414,7.410900624369781,0.8590001696577511
1692188711357333861,643,13079000000,16.85712039204712,7.426552570437711,0.8590001696577512
1692188711357357627,644,13099000000,16.86801390427555,7.442204557094582,0.8590001696577514
1692188711357371834,645,13119000000,16.87890735920811,7.457856584341027,0.8590001696577514
1692188711384563977,646,13139000000,16.889800756843474,7.473508652177681,0.8590001696577516
1692188711395196458,647,13159000000,16.900694097180324,7.489160760605177,0.8590001696577517
1692188711435495480,648,13179000000,16.911587380217338,7.504812909624149,0.8590001696577518
1692188711435520070,649,13199000000,16.922480605953183,7.520465099235232,0.8590001696577519
1692188711495671103,650,13219000000,16.933373774386556,7.536117329439059,0.8590001696577522
1692188711495707386,651,13239000000,16.94426688551612,7.551769600236263,0.8590001696577523
1692188711555538508,652,13259000000,16.95515993934057,7.567421911627482,0.8590001696577524
1692188711555565654,653,13279000000,16.966052935858567,7.583074263613343,0.8590001696577525
1692188711555598779,654,13299000000,16.976945875068814,7.598726656194486,0.8590001696577526
1692188711605773978,655,13319000000,16.987838756969968,7.614379089371541,0.8590001696577527
1692188711605793465,656,13339000000,16.99873158156072,7.630031563145142,0.8590001696577529
1692188711605824990,657,13359000000,17.009624348839743,7.645684077515924,0.859000169657753
1692188711655651824,658,13379000000,17.02051705880572,7.661336632484523,0.8590001696577532
1692188711655689418,659,13399000000,17.03140971145731,7.676989228051569,0.8590001696577533
1692188711674131682,660,13419000000,17.04230230679322,7.692641864217697,0.8590001696577534
1692188711680288163,661,13439000000,17.05319484481211,7.708294540983541,0.8590001696577536
1692188711735588838,662,13459000000,17.06408732551267,7.723947258349735,0.8590001696577537
1692188711795532610,663,13479000000,17.07497974889356,7.739600016316914,0.8590001696577538
1692188711795559933,664,13499000000,17.085872114953474,7.755252814885709,0.8590001696577539
1692188711795587977,665,13519000000,17.09676442369108,7.770905654056757,0.859000169657754
1692188711795594782,666,13539000000,17.107656675105062,7.786558533830694,0.8590001696577542
1692188711855643416,667,13559000000,17.118548869194097,7.802211454208148,0.8590001696577544
1692188711855664573,668,13579000000,17.12944100595686,7.8178644151897565,0.8590001696577545
1692188711868086656,669,13599000000,17.14033308539204,7.833517416776152,0.8590001696577546
1692188711868109396,670,13619000000,17.151225107498306,7.849170458967968,0.8590001696577547
1692188711925523560,671,13639000000,17.16211707227434,7.86482354176584,0.8590001696577548
1692188711925552670,672,13659000000,17.17300897971882,7.8804766651704,0.8590001696577549
1692188711925565045,673,13679000000,17.183900829830417,7.896129829182284,0.859000169657755
1692188711975530137,674,13699000000,17.19479262260782,7.911783033802124,0.8590001696577553
1692188711975562352,675,13719000000,17.205684358049695,7.9274362790305535,0.8590001696577554
1692188711991779442,676,13739000000,17.216576036154734,7.943089564868208,0.8590001696577555
1692188711995437965,677,13759000000,17.227467656921608,7.95874289131572,0.8590001696577556
1692188712035714509,678,13779000000,17.238359220348993,7.974396258373725,0.8590001696577557
1692188712085636387,679,13799000000,17.24925072643557,7.990049666042856,0.8590001696577558
1692188712085671223,680,13819000000,17.260142175180015,8.00570311432375,0.859000169657756
1692188712136068963,681,13839000000,17.271033566581004,8.021356603217036,0.8590001696577562
1692188712136107797,682,13859000000,17.28192490063722,8.037010132723351,0.8590001696577563
1692188712136151147,683,13879000000,17.292816177347333,8.05266370284333,0.8590001696577564
1692188712185722828,684,13899000000,17.303707396710028,8.068317313577603,0.8590001696577565
1692188712185763735,685,13919000000,17.31459855872397,8.083970964926806,0.8590001696577566
1692188712195057323,686,13939000000,17.32548966338785,8.099624656891573,0.8590001696577568
1692188712195065679,687,13959000000,17.336380710700336,8.115278389472545,0.8590001696577569
1692188712235586508,688,13979000000,17.34727170066012,8.13093216267034,0.859000169657757
1692188712285628322,689,13999000000,17.358162633265867,8.1465859764856,0.8590001696577572
1692188712285648711,690,14019000000,17.369455800539296,8.161949443049291,0.8590001696574141
1692188712335627229,691,14039000000,17.380730259244434,8.177314326338593,0.8590001696564651
1692188712335672090,692,14059000000,17.392309526227237,8.192446265010243,0.8590001696556422
1692188712335713911,693,14079000000,17.404230232840344,8.207307438178548,0.8590001696548534
1692188712385521765,694,14099000000,17.416489178056793,8.2218881972556,0.8590001696541105
1692188712385534178,695,14119000000,17.429080309306894,8.236181012551068,0.8590001696534302
1692188712391318041,696,14139000000,17.44199723266648,8.25017863255573,0.8590001696527758
1692188712395309779,697,14159000000,17.45523338423245,8.263873957889091,0.8590001696521478
1692188712435523811,698,14179000000,17.468782044562623,8.277260035655479,0.8590001696515465
1692188712495565380,699,14199000000,17.482636342662317,8.290330062183333,0.859000169650972
1692188712495588123,700,14219000000,17.496789259339405,8.303077386285452,0.8590001696504248
1692188712495591079,701,14239000000,17.511233630584435,8.315495512487757,0.8590001696499051
1692188712495636785,702,14259000000,17.525962151018298,8.327578104186495,0.8590001696494131
1692188712545542633,703,14279000000,17.54096737740876,8.339318986729575,0.8590001696489491
1692188712569063254,704,14299000000,17.556241732254296,8.350712150420375,0.8590001696485131
1692188712615902799,705,14319000000,17.57177750743371,8.36175175344246,0.8590001696481057
1692188712615939874,706,14339000000,17.587566867919552,8.372432124703877,0.8590001696477267
1692188712616003498,707,14359000000,17.603467447538684,8.38295799865466,0.8590001696468702
1692188712665599422,708,14379000000,17.619518178974506,8.393267796794941,0.859000169647335
1692188712665606656,709,14399000000,17.63569377987239,8.403384210183745,0.8590001696473705
1692188712681224394,710,14419000000,17.65187849906282,8.413486367455343,0.8590001696473728
1692188712681260543,711,14439000000,17.668063886007598,8.423587479778602,0.8590001696473729
1692188712725779035,712,14459000000,17.684249363579095,8.433688450271674,0.8590001696473728
1692188712775602918,713,14479000000,17.70043489238003,8.443789340589616,0.8590001696473728
1692188712775656011,714,14499000000,17.716620469721438,8.45389015493988,0.8590001696473727
1692188712775679057,715,14519000000,17.73280609542035,8.463990893608072,0.8590001696473727
1692188712825591325,716,14539000000,17.748991769464883,8.474091556612054,0.8590001696473726
1692188712825616753,717,14559000000,17.76517749185482,8.4841921439514,0.8590001696473726
1692188712838455097,718,14579000000,17.781363262590766,8.494292655624445,0.8590001696473725
1692188712838476123,719,14599000000,17.79754908167335,8.504393091629433,0.8590001696473724
1692188712895651784,720,14619000000,17.813734949103207,8.514493451964611,0.8590001696473724
1692188712895685047,721,14639000000,17.829920864880997,8.524593736628216,0.8590001696473722
1692188712945567051,722,14659000000,17.846106829007358,8.53469394561849,0.8590001696473721
1692188712945596756,723,14679000000,17.86229284148293,8.544794078933666,0.8590001696473721
1692188712945627456,724,14699000000,17.87847890230837,8.554894136571995,0.859000169647372
1692188712995535064,725,14719000000,17.89466501148433,8.564994118531713,0.8590001696473719
1692188712995555746,726,14739000000,17.91085116901144,8.575094024811067,0.8590001696473719
1692188713003351820,727,14759000000,17.92703737489035,8.585193855408292,0.8590001696473718
1692188713057216754,728,14779000000,17.94322362912171,8.595293610321626,0.8590001696473718
1692188713115565176,729,14799000000,17.95940993170616,8.60539328954931,0.8590001696473717
1692188713115594378,730,14819000000,17.975596282644347,8.61549289308959,0.8590001696473717
1692188713115600544,731,14839000000,17.99178268193692,8.625592420940702,0.8590001696473716
1692188713115668610,732,14859000000,18.00796912958452,8.635691873100887,0.8590001696473715
1692188713175498318,733,14879000000,18.02415562558781,8.645791249568388,0.8590001696473715
1692188713175520691,734,14899000000,18.040342169947404,8.65589055034144,0.8590001696473714
1692188713175529606,735,14919000000,18.05652876266396,8.665989775418286,0.8590001696473712
1692188713192732607,736,14939000000,18.07271540373813,8.676088924797167,0.8590001696473712
1692188713195057323,737,14959000000,18.08890209317056,8.686187998476326,0.8590001696473711
1692188713245500814,738,14979000000,18.10508883096189,8.696286996453997,0.859000169647371
1692188713305509473,739,14999000000,18.121275617112765,8.706385918728422,0.859000169647371
1692188713305562115,740,15019000000,18.137462451623836,8.71648476529784,0.8590001696473709
1692188713305565843,741,15039000000,18.15364933449574,8.726583536160495,0.8590001696473708
1692188713305573066,742,15059000000,18.16983626572913,8.736682231314617,0.8590001696473708
1692188713356194063,743,15079000000,18.186023245324648,8.746780850758457,0.8590001696473708
1692188713356223647,744,15099000000,18.202210273282944,8.756879394490255,0.8590001696473707
1692188713374349100,745,15119000000,18.218397349604658,8.76697786250824,0.8590001696473706
1692188713381319709,746,15139000000,18.234584474290436,8.777076254810664,0.8590001696473706
1692188713425575952,747,15159000000,18.25077164734093,8.787174571395761,0.8590001696473705
1692188713475554085,748,15179000000,18.26695886875678,8.79727281226177,0.8590001696473704
1692188713475577977,749,15199000000,18.283146138538637,8.807370977406931,0.8590001696473702
1692188713475582369,750,15219000000,18.299333456687137,8.817469066829487,0.8590001696473702
1692188713525598895,751,15239000000,18.31552082320293,8.827567080527674,0.8590001696473701
1692188713525633259,752,15259000000,18.33170823808667,8.83766501849973,0.8590001696473701
1692188713525643260,753,15279000000,18.34789570133899,8.8477628807439,0.85900016964737
1692188713575510210,754,15299000000,18.364083212960537,8.85786066725842,0.8590001696473699
1692188713575518325,755,15319000000,18.38027077295196,8.867958378041529,0.8590001696473699
1692188713603434155,756,15339000000,18.39645838131389,8.878056013091468,0.8590001696473698
1692188713603459400,757,15359000000,18.412646038047,8.888153572406475,0.8590001696473698
1692188713645569897,758,15379000000,18.42883374315192,8.898251055984788,0.8590001696473697
1692188713645595770,759,15399000000,18.44502149662929,8.90834846382465,0.8590001696473697
1692188713695704064,760,15419000000,18.46120929847977,8.918445795924292,0.8590001696473696
1692188713703309252,761,15439000000,18.477397148704,8.928543052281963,0.8590001696473695
1692188713755543476,762,15459000000,18.493585047302624,8.938640232895898,0.8590001696473695
1692188713755577997,763,15479000000,18.50977299427628,8.948737337764339,0.8590001696473694
1692188713755586001,764,15499000000,18.52596098962562,8.958834366885517,0.8590001696473692
1692188713805560695,765,15519000000,18.542149033351304,8.968931320257672,0.8590001696473692
1692188713805587486,766,15539000000,18.558337125453956,8.979028197879057,0.8590001696473691
1692188713805593207,767,15559000000,18.574525265934223,8.989124999747897,0.8590001696473691
1692188713855576049,768,15579000000,18.590947387211063,8.99884964133869,0.8590001696474223
1692188713855609414,769,15599000000,18.60736357555432,9.00856567652606,0.859000169646944
1692188713882063412,770,15619000000,18.623960852857746,9.017974622123646,0.8590001696466523
1692188713882138094,771,15639000000,18.640772723683984,9.02700633221337,0.8590001696464007
1692188713925566521,772,15659000000,18.65779353848179,9.03565153339236,0.8590001696461793
1692188713925592927,773,15679000000,18.67501492541147,9.043905394974091,0.8590001696459877
1692188713985631861,774,15699000000,18.692428242483672,9.051763569918377,0.8590001696458255
1692188713985661345,775,15719000000,18.71002474328229,9.05922192280994,0.8590001695570325
1692188713985695891,776,15739000000,18.727795590493344,9.066276513011108,0.8590001695548023
1692188714045730956,777,15759000000,18.74573186307496,9.072923595142012,0.8590001695525755
1692188714045810049,778,15779000000,18.76382455875702,9.079159620936396,0.8590001695503606
1692188714063298356,779,15799000000,18.782064599167125,9.08498124092722,0.8590001695481588
1692188714063337770,780,15819000000,18.800442834092127,9.090385306103569,0.8590001695459711
1692188714105507310,781,15839000000,18.81895004590372,9.095368869456223,0.8590001695437985
1692188714105528883,782,15859000000,18.837576954017013,9.099929187427373,0.8590001695416423
1692188714165520467,783,15879000000,18.856313142791443,9.104083954611609,0.8590001696569678
1692188714177009441,784,15899000000,18.87514625413376,9.107936244392404,0.8589963900472677
1692188714235582223,785,15919000000,18.894059823906524,9.111436969098769,0.8590002710092266
1692188714235605738,786,15939000000,18.91306228846269,9.114583789712778,0.8590002109684032
1692188714235608654,787,15959000000,18.932131120996637,9.117459925681066,0.8590002008515549
1692188714235627319,788,15979000000,18.951260234855766,9.12001647141758,0.8590002013902944
1692188714285695016,789,15999000000,18.97044062699267,9.122195058468538,0.8590002019475423
1692188714285727636,790,16019000000,18.989661487314507,9.124142754531483,0.8590002240429948
1692188714285755331,791,16039000000,19.00891645731956,9.12596476784033,0.8590003229540445
1692188714295225022,792,16059000000,19.02820210985183,9.12759012807132,0.8589992973904031
1692188714319228114,793,16079000000,19.04750178255328,9.128875676821725,0.8589965711247941
1692188714376866320,794,16099000000,19.066820752730543,9.12983958609515,0.8590001696498016
1692188714425766205,795,16119000000,19.086145080780337,9.130466942351555,0.8590001696497728
1692188714425795120,796,16139000000,19.105471651937297,9.130760391743076,0.8590001696793195
1692188714425799318,797,16159000000,19.12479480087473,9.130718902311084,0.8590001696786981
1692188714425897448,798,16179000000,19.144108781821046,9.130341100053778,0.859000169678077
1692188714475749670,799,16199000000,19.16340779535528,9.129626109062473,0.8590001696774568
1692188714475766916,800,16219000000,19.18268599357129,9.128573146339374,0.8590001696768378
1692188714480179366,801,16239000000,19.201937483044397,9.127181545365769,0.8590001696762201
1692188714495440221,802,16259000000,19.22115632811566,9.125450762250892,0.8590001696756042
1692188714535744686,803,16279000000,19.24033655435776,9.123380379208545,0.8590001696749906
1692188714595499990,804,16299000000,19.25947215225413,9.120970107757769,0.8590001696743795
1692188714595510686,805,16319000000,19.278557081094583,9.118219791799646,0.8590001696737715
1692188714595514839,806,16339000000,19.29758527308504,9.115129410565858,0.859000169673167
1692188714595517770,807,16359000000,19.316550637666943,9.111699081424062,0.8590001696725663
1692188714655502087,808,16379000000,19.335447066040697,9.1079290625239,0.8590001696719702
1692188714662321605,809,16399000000,19.354268435886183,9.10381975526764,0.8590001696713789
1692188714715540854,810,16419000000,19.373008616271925,9.09937170658912,0.8590001696707933
1692188714715568890,811,16439000000,19.39166147274692,9.094585611039577,0.8590001696702136
1692188714715595208,812,16459000000,19.4102208727057,9.08946231299674,0.8590001696696404
1692188714765654658,813,16479000000,19.42867570839621,9.084023824137011,0.8590001696633415
1692188714775524595,814,16499000000,19.44701685230897,9.0783217730163,0.8590001696059649
1692188714825658078,815,16519000000,19.465230789835267,9.072340075764744,0.8590001696437891
1692188714825695531,816,16539000000,19.483310237085853,9.06603446134842,0.859000169643838
1692188714825711826,817,16559000000,19.50124132732874,9.059340124019528,0.8590001696438869
1692188714825781903,818,16579000000,19.51901183600289,9.052249200870175,0.8590001696439477
1692188714885698400,819,16599000000,19.536613298309256,9.044764938725244,0.8590001696440206
1692188714885731616,820,16619000000,19.55403765384417,9.03689152429751,0.8590001696441059
1692188714885768975,821,16639000000,19.57127699416336,9.028633379572726,0.8590001696442032
1692188714895181845,822,16659000000,19.588324158244767,9.019995011092549,0.8590001696647971
1692188714915504484,823,16679000000,19.605330672692517,9.011262698943282,0.8590001696616361
1692188714960424523,824,16699000000,19.62217473888262,9.002268995046634,0.8590001696618847
1692188715015815192,825,16719000000,19.63894628378708,8.993145540896403,0.8590001696619033
1692188715015913871,826,16739000000,19.65571271767714,8.984012989871099,0.8590001696619047
1692188715016124314,827,16759000000,19.67247885350047,8.974879908630445,0.8590001696619051
1692188715065628252,828,16779000000,19.68924502038628,8.965746882644828,0.8590001696619053
1692188715065679977,829,16799000000,19.706011240819414,8.9566139519112,0.8590001696619055
1692188715065687095,830,16819000000,19.7227775163364,8.947481119163982,0.8590001696619057
1692188715115590416,831,16839000000,19.73954384704267,8.938348384592093,0.8590001696619061
1692188715115611129,832,16859000000,19.756310232945967,8.92921574821057,0.8590001696619063
1692188715115621719,833,16879000000,19.77307667404733,8.920083210022561,0.8590001696619065
1692188715165633419,834,16899000000,19.78984317034737,8.91095077003042,0.8590001696619067
1692188715165658650,835,16919000000,19.806609721846637,8.901818428236425,0.859000169661907
1692188715180791440,836,16939000000,19.823376328545685,8.892686184642862,0.8590001696619072
1692188715195468402,837,16959000000,19.84014299044505,8.88355403925202,0.8590001696619075
1692188715235716762,838,16979000000,19.85690970754531,8.874421992066178,0.8590001696619077
1692188715295505483,839,16999000000,19.873676479847013,8.865290043087628,0.859000169661908
1692188715295534088,840,17019000000,19.89044330735072,8.856158192318643,0.8590001696619082
1692188715295537063,841,17039000000,19.90721019005697,8.847026439761521,0.8590001696619084
1692188715295573108,842,17059000000,19.923977127966342,8.83789478541854,0.8590001696619087
1692188715345663911,843,17079000000,19.940744121079383,8.828763229291983,0.859000169661909
1692188715355207380,844,17099000000,19.957511169396653,8.819631771384133,0.8590001696619092
1692188715395592109,845,17119000000,19.974278272918703,8.810500411697278,0.8590001696619094
1692188715395616230,846,17139000000,19.991045431646093,8.8013691502337,0.8590001696619096
1692188715395912737,847,17159000000,20.00781264557937,8.792237986995682,0.8590001696619098
1692188715455565532,848,17179000000,20.024579914719094,8.783106921985516,0.8590001696619101
1692188715455599811,849,17199000000,20.041347239065825,8.773975955205476,0.8590001696619103
1692188715469552644,850,17219000000,20.05811461862012,8.764845086657862,0.8590001696619106
1692188715492570856,851,17239000000,20.074882053382524,8.75571431634495,0.8590001696619108
1692188715535923640,852,17259000000,20.0916495433536,8.746583644269021,0.8590001696619111
1692188715585793318,853,17279000000,20.108417088533905,8.737453070432368,0.8590001696619114
1692188715585824647,854,17299000000,20.125184688924,8.72832259483727,0.8590001696619115
1692188715585851128,855,17319000000,20.141952344524437,8.719192217486018,0.8590001696619118
1692188715585866870,856,17339000000,20.158720055335763,8.710061938380894,0.8590001696619121
1692188715635748965,857,17359000000,20.175487821358544,8.700931757524176,0.8590001696619123
1692188715635780977,858,17379000000,20.19225564259333,8.69180167491816,0.8590001696619125
1692188715674964327,859,17399000000,20.209023519040684,8.68267169056513,0.8590001696619127
1692188715674986771,860,17419000000,20.22579145070115,8.673541804467366,0.8590001696619131
1692188715715526493,861,17439000000,20.24255943757528,8.664412016627159,0.8590001696619133
1692188715715552595,862,17459000000,20.259327479663654,8.655282327046788,0.8590001696619135
1692188715765577838,863,17479000000,20.27609557696681,8.646152735728547,0.8590001696619137
1692188715765596424,864,17499000000,20.2928637294853,8.63702324267472,0.859000169661914
1692188715765605636,865,17519000000,20.309631937219688,8.627893847887583,0.8590001696619142
1692188715815592018,866,17539000000,20.32640020017053,8.618764551369429,0.8590001696619144
1692188715815617787,867,17559000000,20.34316851833838,8.609635353122545,0.8590001696619147
1692188715815630852,868,17579000000,20.3599368917238,8.600506253149211,0.859000169661915
1692188715875634161,869,17599000000,20.376683072417123,8.591337673503546,0.859000169662813
1692188715875667696,870,17619000000,20.39320246967934,8.581767748752807,0.8590001696627643
1692188715877526916,871,17639000000,20.40971561798001,8.572138107169382,0.8590001696578184
1692188715895032658,872,17659000000,20.426015671058995,8.562190186675041,0.8590001696560468
1692188715935529150,873,17679000000,20.44208748808257,8.551918026525533,0.8590001696588148
1692188715985530607,874,17699000000,20.45792290787897,8.541304527599959,0.8590001696579209
1692188715985558681,875,17719000000,20.473508296222768,8.530333882230195,0.859000169657059
1692188715985597431,876,17739000000,20.488833982350265,8.519008861987988,0.8590001696562243
1692188716035739553,877,17759000000,20.503892093986487,8.507335065207869,0.8590001696554164
1692188716035773558,878,17779000000,20.51867501178736,8.495318441234222,0.8590001696546358
1692188716057322205,879,17799000000,20.53317525779812,8.482965117719974,0.8590001696539142
1692188716057385442,880,17819000000,20.547385490956582,8.470281386264547,0.8590001696532412
1692188716105573621,881,17839000000,20.56129851008304,8.45727369862431,0.8590001696525944
1692188716105598825,882,17859000000,20.574907257334697,8.443948663560855,0.859000169651974
1692188716165761894,883,17879000000,20.58820482162901,8.430313043660755,0.8590001696513803
1692188716166229290,884,17899000000,20.60118444199965,8.416373752083729,0.8590001696508136
1692188716215579299,885,17919000000,20.61383951088084,8.402137849237585,0.8590001696502743
1692188716215603325,886,17939000000,20.626163577318376,8.387612539381358,0.8590001696497624
1692188716215606501,887,17959000000,20.6381503501058,8.372805167158207,0.8590001696492783
1692188716275592989,888,17979000000,20.649793700843915,8.357723214059753,0.8590001696488223
1692188716275638128,889,17999000000,20.66108766692252,8.342374294823486,0.8590001696483945
1692188716275694663,890,18019000000,20.672026454422497,8.326766153764972,0.8590001696479952
1692188716335675113,891,18039000000,20.682604440937183,8.31090666104661,0.8590001696476245
1692188716335710043,892,18059000000,20.692816178311286,8.294803808884696,0.8590001696472825
1692188716335746528,893,18079000000,20.70265639529623,8.27846570769662,0.8590001696469697
1692188716385735584,894,18099000000,20.71212000012049,8.261900582189993,0.8590001696466859
1692188716385772264,895,18119000000,20.72120208297372,8.245116767395634,0.8590001696464314
1692188716392165517,896,18139000000,20.729897918403285,8.228122704646234,0.8590001696462064
1692188716412407189,897,18159000000,20.738202967622183,8.210926937502666,0.8590001696460109
1692188716455733098,898,18179000000,20.746493933142094,8.193714122974033,0.8590001696456736
1692188716455771725,899,18199000000,20.75440272781067,8.17631417423156,0.8590001696458804
1692188716505503438,900,18219000000,20.76222543105293,8.158873667790855,0.859000169645895
1692188716505515882,901,18239000000,20.77004203033824,8.141430300671333,0.859000169645896
1692188716505529087,902,18259000000,20.77785809222932,8.123986681809587,0.859000169645896
1692188716555639719,903,18279000000,20.785673997516344,8.106542989590986,0.8590001696458959
1692188716567057333,904,18299000000,20.793489772237177,8.08909923621366,0.8590001696458959
1692188716615507719,905,18319000000,20.80130541816968,8.071655422511514,0.8590001696458958
1692188716615534202,906,18339000000,20.809120935432663,8.054211548541325,0.8590001696458958
1692188716615539961,907,18359000000,20.81693632403151,8.036767614306722,0.8590001696458957
1692188716615618296,908,18379000000,20.82475158396384,8.01932361980771,0.8590001696458957
1692188716665477132,909,18399000000,20.83256671522672,8.00187956504403,0.8590001696458955
1692188716669136725,910,18419000000,20.840381717817223,7.984435450015416,0.8590001696458955
1692188716725475921,911,18439000000,20.84819659173237,7.9669912747216065,0.8590001696458954
1692188716725485429,912,18459000000,20.85601133696924,7.949547039162324,0.8590001696458954
1692188716785619604,913,18479000000,20.863825953524856,7.932102743337308,0.8590001696458953
1692188716785635965,914,18499000000,20.87164044139628,7.914658387246286,0.8590001696458953
1692188716785671965,915,18519000000,20.879454800580547,7.897213970888995,0.8590001696458952
1692188716785720489,916,18539000000,20.887269031074712,7.879769494265159,0.8590001696458952
1692188716835788206,917,18559000000,20.895083132875808,7.862324957374517,0.8590001696458951
1692188716835835853,918,18579000000,20.9028971059809,7.844880360216794,0.8590001696458951
1692188716855286810,919,18599000000,20.910367815171437,7.827277158400722,0.8590001696461393
1692188716855334772,920,18619000000,20.917795894640765,7.809664449016777,0.85900016964574
1692188716895559834,921,18639000000,20.924932535740485,7.791927992744676,0.8590001695553057
1692188716955510157,922,18659000000,20.931670361099865,7.774027642453051,0.8590001695530721
1692188716955518723,923,18679000000,20.93799844925148,7.755969081567288,0.8590001695508542
1692188716955520787,924,18699000000,20.943912899889582,7.737761156910674,0.8590001695486494
1692188717005563293,925,18719000000,20.94941048413793,7.719412989094173,0.8590001695464585
1692188717005592715,926,18739000000,20.95448820732971,7.700933780173801,0.8590001695442825
1692188717019221776,927,18759000000,20.959143280181102,7.6823327970040225,0.8590001695421223
1692188717019257422,928,18779000000,20.9633789202269,7.663619722125788,0.8590001696569735
1692188717065573174,929,18799000000,20.967303918235807,7.644807565774154,0.8590001696396812
1692188717065604894,930,18819000000,20.97110825600937,7.625964170728102,0.8589969663608474
1692188717115543120,931,18839000000,20.9744837159027,7.607048412133797,0.8589960107139593
1692188717115586513,932,18859000000,20.97772132688157,7.588097233830747,0.8589965608678665
1692188717175493373,933,18879000000,20.9809502782046,7.569154436623847,0.8589980002892692
1692188717175516277,934,18899000000,20.984183105814644,7.550204762672318,0.85899617303475
1692188717175532513,935,18919000000,20.987413014477003,7.531256031866722,0.8589961055710154
1692188717225623114,936,18939000000,20.990642630909957,7.512307251648358,0.8589961176131444
1692188717225660290,937,18959000000,20.99387200951303,7.493358423468153,0.8589961294524674
1692188717225673836,938,18979000000,20.997101159316028,7.474409550192243,0.8589961410927701
1692188717285600719,939,18999000000,21.0003300810396,7.45546063196097,0.8589961525377854
1692188717285632825,940,19019000000,21.003558774737773,7.436511668781362,0.8589961637911653
1692188717285646717,941,19039000000,21.00678724041851,7.417562660651408,0.858996174856492
1692188717335585339,942,19059000000,21.010015478086466,7.398613607568556,0.8589961857372813
1692188717335604236,943,19079000000,21.01324348774587,7.379664509530287,0.8589961964369833
1692188717360223567,944,19099000000,21.016471269400828,7.360715366534161,0.858996206958984
1692188717360242988,945,19119000000,21.019698823055258,7.341766178577812,0.8589962173066065
1692188717415489804,946,19139000000,21.022926148712926,7.322816945658952,0.8589962274831119
1692188717415514194,947,19159000000,21.02615324637747,7.303867667775365,0.8589962374917002
1692188717415538936,948,19179000000,21.02938011605235,7.2849183449249155,0.8589962473355122
1692188717465495918,949,19199000000,21.032606757740886,7.265968977105529,0.8589962570176297
1692188717465518964,950,19219000000,21.035833171446136,7.247019564315327,0.8589962665408739
1692188717483433961,951,19239000000,21.039059357169805,7.228070106553749,0.858996275906527
1692188717495150661,952,19259000000,21.042285314914704,7.209120603818555,0.85899628511677
1692188717535586921,953,19279000000,21.045511044683717,7.1901710561078405,0.8589962941744842
1692188717595565823,954,19299000000,21.04873654647942,7.171221463419927,0.8589963030816786
1692188717595584166,955,19319000000,21.051961820304363,7.152271825753158,0.8589963118408427
1692188717595588697,956,19339000000,21.05518686616099,7.133322143105899,0.8589963204547599
1692188717595594195,957,19359000000,21.05841168405163,7.114372415476581,0.8589963289261614
1692188717645567272,958,19379000000,21.06163627397847,7.0954226428636895,0.8589963372577267
1692188717648663846,959,19399000000,21.06486063594357,7.076472825265779,0.8589963454520857
1692188717695708416,960,19419000000,21.0680847699489,7.05752296268146,0.8589963535118185
1692188717695757477,961,19439000000,21.07130867599628,7.038573055109404,0.8589963614394573
1692188717755510297,962,19459000000,21.07453235408741,7.019623102548338,0.8589963692374873
1692188717755534333,963,19479000000,21.077755804223912,7.000673104997053,0.8589963769083513
1692188717755542404,964,19499000000,21.08097902640728,6.981723062454321,0.8589963844551087
1692188717815526844,965,19519000000,21.084202020638905,6.962772974919034,0.858996391880511
1692188717815550165,966,19539000000,21.087424786920053,6.943822842390152,0.8589963991868418
1692188717815566969,967,19559000000,21.090647325251894,6.924872664866681,0.8589964063763411
1692188717865628674,968,19579000000,21.093869635635457,6.905922442347687,0.858996413451208
1692188717865669767,969,19599000000,21.0970917180717,6.886972174832279,0.8589964204135995
1692188717865698798,970,19619000000,21.100313572561458,6.868021862319617,0.8589964272656329
1692188717915471498,971,19639000000,21.10353519910548,6.849071504809074,0.8589964340091333
1692188717915487478,972,19659000000,21.10675659770428,6.83012110230065,0.8589964406448408
1692188717915500997,973,19679000000,21.109977768358,6.811170654793215,0.8589964471739103
1692188717975572512,974,19699000000,21.113198711067096,6.792220162286034,0.8589964535983337
1692188717975611040,975,19719000000,21.11641942583197,6.773269624778487,0.8589964599200851
1692188717990875479,976,19739000000,21.119639912652964,6.754319042270009,0.8589964661411036
1692188718005405749,977,19759000000,21.12286017153026,6.7353684147600745,0.8589964722632899
1692188718045528476,978,19779000000,21.126080202464024,6.716417742248202,0.8589964782885099
1692188718045556785,979,19799000000,21.129300005454294,6.697467024733953,0.8589964842185941
1692188718105542295,980,19819000000,21.132737681449168,6.678556997988807,0.8589966616845456
1692188718105572739,981,19839000000,21.1365517387636,6.659673923123394,0.8590000138516699
1692188718105581933,982,19859000000,21.14056530323932,6.64083024320371,0.8590001094925798
1692188718165489053,983,19879000000,21.14489343732206,6.622060070845887,0.8590001095075799
1692188718165508233,984,19899000000,21.14955794445347,6.603376411949198,0.8590000177575505
1692188718165543647,985,19919000000,21.15452125464557,6.5847792139781,0.859000169616
1692188718215568305,986,19939000000,21.159779932274795,6.566275674096696,0.8589991216111216
1692188718215605097,987,19959000000,21.16536429581241,6.547885076257916,0.8590001696546092
1692188718215617789,988,19979000000,21.171260377948546,6.52959766663176,0.8589921258201313
1692188718265501057,989,19999000000,21.177487680216505,6.511450771431079,0.8589966307229951
1692188718273346088,990,20019000000,21.184128429596576,6.493415121891308,0.8589966355522871
1692188718325697424,991,20039000000,21.19112522319558,6.475533409270154,0.8590009327581057
1692188718325730050,992,20059000000,21.19841037744477,6.457779139610557,0.859000018660656
1692188718375676379,993,20079000000,21.20604756741952,6.440168031067952,0.8589995052967779
1692188718375747430,994,20099000000,21.21400457210887,6.422732933103118,0.8590001695608439
1692188718375840699,995,20119000000,21.222203824178848,6.405460805777641,0.8590001695632232
1692188718426009680,996,20139000000,21.23075791055182,6.388367932838386,0.8590001695654285
1692188718426024529,997,20159000000,21.239685997280404,6.371473495363083,0.8590001696514132
1692188718436255721,998,20179000000,21.248959663579623,6.354793221589325,0.8590001696509824
1692188718436291965,999,20199000000,21.258591816655347,6.338328234339384,0.8590001696505778
1692188718485678934,1000,20219000000,21.26859635020101,6.322092756731095,0.859000169650185
1692188718485703010,1001,20239000000,21.278969851718404,6.306095952573846,0.8590001696478935
1692188718535722327,1002,20259000000,21.28970710641931,6.290345955061186,0.8590001696482822
1692188718535755200,1003,20279000000,21.300802613344576,6.274850712582344,0.8590001696486993
1692188718585613263,1004,20299000000,21.312250690621863,6.25961804609379,0.8590001696491448
1692188718585647571,1005,20319000000,21.324045485145568,6.244655649694854,0.8590001696496185
1692188718585677827,1006,20339000000,21.33618097584151,6.22997108719716,0.8590001696501199
1692188718645480075,1007,20359000000,21.348650976589767,6.215571788479159,0.8590001696506491
1692188718645501788,1008,20379000000,21.36144913919784,6.201465045883993,0.8590001696512056
1692188718661192410,1009,20399000000,21.374568956450712,6.187658010681495,0.8590001696517893
1692188718661218908,1010,20419000000,21.388003765238103,6.17415768959739,0.8590001696523999
1692188718715503401,1011,20439000000,21.40174674975764,6.160970941411493,0.859000169653037
1692188718715546827,1012,20459000000,21.41579094479243,6.148104473626576,0.8590001696537003
1692188718765695850,1013,20479000000,21.430129239061397,6.1355648392094535,0.8590001696543947
1692188718775743428,1014,20499000000,21.444754378641303,6.123358433406493,0.8590001696551652
1692188718825536314,1015,20519000000,21.45965897045713,6.111491490632899,0.859000169655963
1692188718825551635,1016,20539000000,21.47483548584265,6.099970081441825,0.8590001696567882
1692188718825585291,1017,20559000000,21.49027626416571,6.088800109570066,0.8590001696576347
1692188718825609687,1018,20579000000,21.505973516518733,6.077987309064474,0.8590001696584548
1692188718879637226,1019,20599000000,21.521919329470908,6.067537241488015,0.8590001696593029
1692188718879651924,1020,20619000000,21.538105668882988,6.057455293210999,0.8590001696601788
1692188718925573613,1021,20639000000,21.55452438378056,6.0477466727852045,0.859000169661082
1692188718925616320,1022,20659000000,21.571167210284877,6.038416408403709,0.859000169662012
1692188718925628298,1023,20679000000,21.58802577559912,6.029469345447361,0.8590001696629683
1692188718985739339,1024,20699000000,21.605091602048365,6.020910144119187,0.8590001696639507
1692188718985791642,1025,20719000000,21.62235611117112,6.01274327716791,0.8590001696649585
1692188718985798836,1026,20739000000,21.639810627860683,6.004973027701727,0.8590001696659912
1692188719045673570,1027,20759000000,21.65744638455418,5.9976034870934285,0.8590001696670486
1692188719045707510,1028,20779000000,21.675254525467334,5.99063855297795,0.85900016966813
1692188719061262949,1029,20799000000,21.693226110801707,5.984081927320621,0.8590001696691894
1692188719061277146,1030,20819000000,21.711352121360974,5.977937114695294,0.8590001696703142
1692188719105647704,1031,20839000000,21.72962346244984,5.972207420421216,0.8590001696714615
1692188719105686495,1032,20859000000,21.74803096858957,5.966895949042786,0.8590001696726307
1692188719155692501,1033,20879000000,21.76656540786749,5.9620056027718284,0.8590001696738211
1692188719157284847,1034,20899000000,21.7852174864029,5.9575390800615615,0.8590001696750321
1692188719205529397,1035,20919000000,21.80397785284296,5.953498874272161,0.8590001696764381
1692188719205556579,1036,20939000000,21.822776570326774,5.949592744045727,0.8590001696788553
1692188719205564691,1037,20959000000,21.84155842891788,5.945405941959482,0.8590001696720737
1692188719265657886,1038,20979000000,21.86037962283667,5.941294709366503,0.8590001696714276
1692188719276710919,1039,20999000000,21.87912577174296,5.936870571379559,0.8590001696708379
1692188719325529563,1040,21019000000,21.897785460195003,5.932110056370309,0.8590001696702576
1692188719325551935,1041,21039000000,21.916352187819108,5.927012386419056,0.8590001696696838
1692188719325557156,1042,21059000000,21.93481551848452,5.921595333722354,0.8590001696636722
1692188719325629914,1043,21079000000,21.953164747091677,5.915913430820233,0.8590001696587478
1692188719375840164,1044,21099000000,21.9713886829618,5.909955149085848,0.8590001696437862
1692188719375911515,1045,21119000000,21.989478535882068,5.903677286039361,0.8590001696438351
1692188719397143868,1046,21139000000,22.007420531184437,5.897010785632789,0.8590001696438833
1692188719416560465,1047,21159000000,22.02520252393763,5.889947442219259,0.859000169643943
1692188719465655871,1048,21179000000,22.04281603598868,5.882490472385846,0.8590001696440152
1692188719525614660,1049,21199000000,22.06025299755295,5.874644048640574,0.8590001696440995
1692188719525624509,1050,21219000000,22.077505490791783,5.866412580152263,0.859000169644196
1692188719525626914,1051,21239000000,22.09456573583964,5.857800659937627,0.8590001696443046
1692188719525632584,1052,21259000000,22.11154884375172,5.849018787330942,0.8590001696614552
1692188719525634258,1053,21279000000,22.1284117408066,5.8400584241998335,0.8590001696618041
1692188719577829213,1054,21299000000,22.145169757997973,5.830910913218847,0.8590001696618317
1692188719579855564,1055,21319000000,22.161920097419685,5.821749785990004,0.8590001696618338
1692188719635626144,1056,21339000000,22.17866996276024,5.812587818688939,0.8590001696618341
1692188719635662972,1057,21359000000,22.19541984698522,5.803425884850534,0.8590001696618343
1692188719635765704,1058,21379000000,22.212169783771994,5.794264044148975,0.8590001696618346
1692188719685631951,1059,21399000000,22.228919775421588,5.785102300662777,0.8590001696618349
1692188719685663768,1060,21419000000,22.245669822091717,5.775940654672662,0.859000169661835
1692188719688516842,1061,21439000000,22.26241992379367,5.766779106199918,0.8590001696618353
1692188719695211111,1062,21459000000,22.279170080528758,5.757617655248113,0.8590001696618356
1692188719735580694,1063,21479000000,22.29592029229757,5.748456301819608,0.8590001696618358
1692188719785712635,1064,21499000000,22.31267055910068,5.739295045916676,0.859000169661836
1692188719785747101,1065,21519000000,22.32942088093864,5.7301338875415855,0.8590001696618362
1692188719785761858,1066,21539000000,22.346171257812028,5.720972826696605,0.8590001696618366
1692188719835553782,1067,21559000000,22.362921689721382,5.711811863384003,0.8590001696618368
1692188719835577886,1068,21579000000,22.37967217666728,5.702650997606051,0.859000169661837
1692188719877382145,1069,21599000000,22.39642271865027,5.693490229365014,0.8590001696618372
1692188719877419911,1070,21619000000,22.413173315670928,5.684329558663165,0.8590001696618375
1692188719925567272,1071,21639000000,22.4299239677298,5.675168985502769,0.8590001696618377
1692188719925589014,1072,21659000000,22.446674674827445,5.666008509886097,0.8590001696618379
1692188719925605680,1073,21679000000,22.46342543696443,5.656848131815419,0.8590001696618382
1692188719985631331,1074,21699000000,22.48017625414132,5.647687851293004,0.8590001696618385
1692188719985683200,1075,21719000000,22.496927126358656,5.63852766832112,0.8590001696618387
1692188719990931148,1076,21739000000,22.51367805361702,5.629367582902036,0.8590001696618389
1692188719995581045,1077,21759000000,22.53042903591696,5.620207595038025,0.8590001696618391
1692188720045655498,1078,21779000000,22.54718007325904,5.611047704731354,0.8590001696618395
1692188720106459304,1079,21799000000,22.56393116564383,5.6018879119842895,0.8590001696618397
1692188720106628129,1080,21819000000,22.58068231307186,5.592728216799104,0.8590001696618399
1692188720106667142,1081,21839000000,22.597433515543727,5.583568619178068,0.8590001696618401
1692188720106682791,1082,21859000000,22.61418477305997,5.574409119123449,0.8590001696618403
1692188720155629299,1083,21879000000,22.630936085621148,5.565249716637518,0.8590001696618406
1692188720176892721,1084,21899000000,22.647687453227828,5.556090411722544,0.8590001696618408
1692188720225708478,1085,21919000000,22.66443887588057,5.546931204380798,0.859000169661841
1692188720225731126,1086,21939000000,22.68119035357993,5.53777209461455,0.8590001696618413
1692188720225741631,1087,21959000000,22.69794188632647,5.528613082426069,0.8590001696618416
1692188720285547755,1088,21979000000,22.714693474120743,5.519454167817626,0.8590001696618418
1692188720285574117,1089,21999000000,22.731445116963325,5.510295350791492,0.859000169661842
1692188720285602086,1090,22019000000,22.74812296545788,5.5010060173095,0.8590001696625142
1692188720335746405,1091,22039000000,22.76464994349194,5.491442707841154,0.8590001696596767
1692188720335824176,1092,22059000000,22.78111484483299,5.481738743140499,0.8590001696574061
1692188720335841327,1093,22079000000,22.79736253308056,5.471715239525255,0.859000169655626
1692188720395530214,1094,22099000000,22.813379560470253,5.461365393723248,0.8590001696586012
1692188720395563054,1095,22119000000,22.82915749224408,5.450668372781959,0.8590001696577161
1692188720395570689,1096,22139000000,22.844682660195502,5.439614089733338,0.8590001696568608
1692188720395574726,1097,22159000000,22.859946231453225,5.428206678113046,0.8590001696560321
1692188720455725966,1098,22179000000,22.87494042552039,5.416451867849534,0.8590001696552307
1692188720475685395,1099,22199000000,22.889657658223378,5.404355653694975,0.8590001696544566
1692188720525638322,1100,22219000000,22.904090483579395,5.391924202273813,0.8590001696537539
1692188720525674722,1101,22239000000,22.9182315930551,5.379163843068605,0.859000169653087
1692188720525704441,1102,22259000000,22.93207381880574,5.366081064971898,0.8590001696524464
1692188720575796023,1103,22279000000,22.945610137132537,5.352682513140899,0.8590001696518322
1692188720578244190,1104,22299000000,22.958833671891,5.338974985801088,0.8590001696512448
1692188720625659761,1105,22319000000,22.9717376978303,5.324965430977142,0.8590001696506846
1692188720625689692,1106,22339000000,22.984315643860526,5.310660943150859,0.8590001696501516
1692188720625718107,1107,22359000000,22.99656109624629,5.296068759847683,0.8590001696496463
1692188720625735152,1108,22379000000,23.00846780172501,5.281196258153359,0.8590001696491688
1692188720675561231,1109,22399000000,23.02002967054839,5.266050951162392,0.8590001696487193
1692188720675604980,1110,22419000000,23.031240779445447,5.2506404843600105,0.8590001696482983
1692188720697037290,1111,22439000000,23.042095374505948,5.234972631939318,0.8590001696479055
1692188720698504140,1112,22459000000,23.052587873982382,5.219055293055406,0.8590001696475416
1692188720755531844,1113,22479000000,23.062712871009523,5.202896488018201,0.8590001696472065
1692188720805849349,1114,22499000000,23.072465136239853,5.18650435442587,0.8590001696469004
1692188720805892171,1115,22519000000,23.081839620393808,5.169887143240596,0.8590001696466235
1692188720805896720,1116,22539000000,23.09083145672343,5.15305321480864,0.859000169646376
1692188720806179657,1117,22559000000,23.09943596338825,5.13601103482655,0.8590001696461579
1692188720865584344,1118,22579000000,23.107648645742152,5.118769170255474,0.8590001696459693
1692188720878392103,1119,22599000000,23.11546519853018,5.101336285185518,0.8590001696458104
1692188720925675208,1120,22619000000,23.122881508018995,5.083721136788,0.8590001696455883
1692188720925709527,1121,22639000000,23.12989365390268,5.065932570554061,0.8590001696454859
1692188720925736897,1122,22659000000,23.136497911402333,5.047979516760943,0.8590001696454133
1692188720925764950,1123,22679000000,23.142690752947605,5.029870985769076,0.8590001696453704
1692188720975794720,1124,22699000000,23.1484688499599,5.01161606367009,0.8590001696453575
1692188720975909242,1125,22719000000,23.15428548550293,4.993363440942675,0.8590001696452917
1692188720981326453,1126,22739000000,23.1596741005962,4.97497028404404,0.8590001696454463
1692188720995132007,1127,22759000000,23.165001404818565,4.956557775711874,0.859000169645457
1692188721035781991,1128,22779000000,23.170324298082708,4.93814388199634,0.8590001696454578
1692188721095643835,1129,22799000000,23.17564671721804,4.919729839431922,0.8590001696454579
1692188721095711264,1130,22819000000,23.180968932165943,4.901315732769424,0.8590001696454579
1692188721155648430,1131,22839000000,23.18629096142946,4.88290156781951,0.8590001696454579
1692188721155671139,1132,22859000000,23.1916128062734,4.864487344981194,0.8590001696454579
1692188721155785069,1133,22879000000,23.1969344667808,4.846073064282492,0.8590001696454579
1692188721155793273,1134,22899000000,23.202255942953645,4.827658725725986,0.8590001696454579
1692188721155912836,1135,22919000000,23.20757723478838,4.809244329312516,0.8590001696454579
1692188721215666904,1136,22939000000,23.21289834228105,4.7908298750428,0.8590001696454579
1692188721215709224,1137,22959000000,23.21821926542772,4.772415362917551,0.8590001696454579
1692188721217097771,1138,22979000000,23.223540004224397,4.754000792937477,0.8590001696454579
1692188721260095683,1139,22999000000,23.2288605586671,4.7355861651032924,0.8590001696454579
1692188721315517072,1140,23019000000,23.234180928751893,4.717171479415704,0.8590001696454579
1692188721315543927,1141,23039000000,23.2393580106439,4.698711985989895,0.8590001696461578
1692188721315572966,1142,23059000000,23.244235515726828,4.6801663281863615,0.8590001696454521
1692188721315576887,1143,23079000000,23.248997973984125,4.661594805069084,0.8590001696454501
1692188721365491222,1144,23099000000,23.25336013760645,4.642915258171763,0.8590001696453957
1692188721369654100,1145,23119000000,23.257371053713022,4.624133224891875,0.8590001696567231
1692188721415665559,1146,23139000000,23.261085119089564,4.6052573846019245,0.8589930724654464
1692188721415681779,1147,23159000000,23.26442033477504,4.586295107530368,0.8589924673219526
1692188721415687020,1148,23179000000,23.26744776964033,4.567261663524528,0.858992120991306
1692188721475582294,1149,23199000000,23.270187293226947,4.548164827714828,0.8589920858633864
1692188721475637612,1150,23219000000,23.27257959405956,4.529011471116242,0.8589920644586849
1692188721476460938,1151,23239000000,23.27463020050273,4.509811942037115,0.8589920389145516
1692188721495139803,1152,23259000000,23.27652450394617,4.490577184019712,0.8590001696805089
1692188721535552450,1153,23279000000,23.278317016073466,4.471308262082083,0.8590001696498987
1692188721585518171,1154,23299000000,23.2797945359221,4.452015375741583,0.859000169649855
1692188721585537551,1155,23319000000,23.280611584863955,4.432721882631763,0.8590001984914041
1692188721635527875,1156,23339000000,23.280808526663478,4.413407367290655,0.8590003083954634
1692188721635622115,1157,23359000000,23.28098021928744,4.394091319741994,0.8589983075168882
1692188721635631944,1158,23379000000,23.28113560097556,4.374778185569001,0.8590003513876618
1692188721685666666,1159,23399000000,23.28131926477565,4.3554610237923175,0.8590003095114969
1692188721685696951,1160,23419000000,23.28149414781808,4.336133804556547,0.8589935300118597
1692188721685723372,1161,23439000000,23.28166106755554,4.31683238167072,0.8590026001481214
1692188721735544544,1162,23459000000,23.281828206937597,4.2975237963134765,0.8590036282144604
1692188721735573434,1163,23479000000,23.281995003787568,4.278199433965073,0.859000309131814
1692188721750711516,1164,23499000000,23.28216536149775,4.258872393200059,0.8589937548020334
1692188721774137626,1165,23519000000,23.28232665039854,4.239570193738159,0.8590024241423698
1692188721816140068,1166,23539000000,23.282500613720263,4.220259790342055,0.8589955612435204
1692188721816185246,1167,23559000000,23.28265950156923,4.2009412656953495,0.8590006949814002
1692188721865700704,1168,23579000000,23.282829362663456,4.18162640871522,0.8590001696298009
1692188721865728732,1169,23599000000,23.28299735141676,4.1623099862151465,0.8589996356599774
1692188721915579084,1170,23619000000,23.283162434040864,4.142997858338387,0.8590030280234366
1692188721915621224,1171,23639000000,23.28333583078563,4.123684200161906,0.8590036536116791
1692188721915690467,1172,23659000000,23.28349055800618,4.104371756694118,0.8590032708650821
1692188721915702805,1173,23679000000,23.28365515605212,4.085049040241038,0.8589954205228529
1692188721965553810,1174,23699000000,23.283801036286583,4.065733257998247,0.8589993578626631
1692188721965619225,1175,23719000000,23.28394558988119,4.046418565321587,0.8590001695683068
1692188721980312987,1176,23739000000,23.284098171776908,4.027096848554305,0.8589985583708571
1692188721995113359,1177,23759000000,23.28424844730008,4.0077816710964544,0.8590001895963847
1692188722046050861,1178,23779000000,23.284392596250655,3.988471018135213,0.8589954219050676
1692188722105517615,1179,23799000000,23.28453329158504,3.9691547890405783,0.8589993592928584
1692188722105541277,1180,23819000000,23.284672443731644,3.9498397446582985,0.8590001695676407
1692188722105549045,1181,23839000000,23.28481963589019,3.9305175321708745,0.858998497384066
1692188722105552539,1182,23859000000,23.284965026751618,3.911202031945015,0.8590001899132056
1692188722165503959,1183,23879000000,23.285104066557142,3.891891215957543,0.8589954445716983
1692188722165535115,1184,23899000000,23.28523932426893,3.87257459955646,0.8589993614434539
1692188722165544787,1185,23919000000,23.285372715147236,3.853259190214206,0.859000169566416
1692188722183451643,1186,23939000000,23.285514188515016,3.833936463474069,0.8589984373339218
1692188722195307509,1187,23959000000,23.285654381670884,3.8146206150458735,0.8590001903685387
1692188722235543172,1188,23979000000,23.28578797823952,3.795309631997616,0.8589954697194102
1692188722285661332,1189,23999000000,23.28591744543839,3.775992607916098,0.858999365800014
1692188722285746944,1190,24019000000,23.286044667686216,3.7566768172129614,0.8590001695637138
1692188722346007394,1191,24039000000,23.286180128425517,3.737353522839943,0.858998367191309
1692188722346029794,1192,24059000000,23.28631456027633,3.7180375327279416,0.8590002337507656
1692188722346049605,1193,24079000000,23.286472416505102,3.698730961829876,0.8590039783751166
1692188722346063155,1194,24099000000,23.286597919251943,3.6794150885528265,0.859003095679691
1692188722395577703,1195,24119000000,23.28674801570331,3.6600974114905935,0.8590022519620711
1692188722395600605,1196,24139000000,23.286912560560697,3.6407857134821136,0.8590007677878992
1692188722398201903,1197,24159000000,23.28705029625824,3.621477337298757,0.8590048275572321
1692188722415255876,1198,24179000000,23.28717215537712,3.6021536196951334,0.8589957013729741
1692188722455513458,1199,24199000000,23.287322835404712,3.5828356836639834,0.8589974024581395
1692188722506045920,1200,24219000000,23.28748293290967,3.5635293526722687,0.8590001695754784
1692188722506094296,1201,24239000000,23.287621146610544,3.544210165812117,0.8589955082448169
1692188722506117792,1202,24259000000,23.28778832518042,3.5248789640928124,0.8589910545127201
1692188722555683155,1203,24279000000,23.287921680605898,3.505572271501876,0.8590031877750097
1692188722555721288,1204,24299000000,23.288090966115856,3.486253595526416,0.8590003084199109
1692188722571058965,1205,24319000000,23.28822941294332,3.466926678691005,0.8589960695277984
1692188722586929309,1206,24339000000,23.28839794850373,3.447615474499777,0.8589986176322244
1692188722645512339,1207,24359000000,23.288535630914005,3.4283008963412827,0.8590033578629459
1692188722645531748,1208,24379000000,23.288695243852946,3.4089789207146093,0.8590003083914795
1692188722695626911,1209,24399000000,23.28884691565423,3.38965349352814,0.8589976587822854
1692188722695659904,1210,24419000000,23.288981830116263,3.370339781830716,0.8589993328222951
1692188722695704958,1211,24439000000,23.28912922689538,3.351021679375997,0.8590001987528927
1692188722695713296,1212,24459000000,23.28926470813073,3.331702089285746,0.8590015932062153
1692188722745700036,1213,24479000000,23.28940893233395,3.312381646174972,0.8590008220523121
1692188722754136398,1214,24499000000,23.28954186075513,3.293072645314317,0.8590048458554177
1692188722805541461,1215,24519000000,23.28969059742284,3.2737458080839628,0.8590002000820252
1692188722805561849,1216,24539000000,23.28983096834317,3.254410415358197,0.8589946126530944
1692188722865672089,1217,24559000000,23.289983202592957,3.235098983686357,0.8589913626184765
1692188722865688080,1218,24579000000,23.290107426192414,3.21578654200068,0.8589962745072489
1692188722865701496,1219,24599000000,23.290258682972663,3.196466568760885,0.8590001695812609
1692188722865728177,1220,24619000000,23.29041172847437,3.177137119214217,0.858992994826564
1692188722915670544,1221,24639000000,23.290544291002885,3.157828599086678,0.8590003083869546
1692188722915706752,1222,24659000000,23.290679164575927,3.138499621664243,0.8589959971903643
1692188722915838836,1223,24679000000,23.29083155841009,3.1191880839948776,0.8589985313268185
1692188722956293075,1224,24699000000,23.29096710422033,3.099873067463731,0.8590034323390153
1692188723015531057,1225,24719000000,23.2911180540422,3.080548628193654,0.8589984834423292
1692188723015547679,1226,24739000000,23.291253370719737,3.061233701580996,0.8590034533004938
1692188723015553766,1227,24759000000,23.2913963885008,3.041910630828683,0.8590003083916896
1692188723015611231,1228,24779000000,23.291546759977876,3.0225845423971225,0.8589975437340645
1692188723065494247,1229,24799000000,23.291682245466703,3.0032711893807904,0.8590003083915079
1692188723065517660,1230,24819000000,23.291836157718784,2.9839474147553355,0.8589974324327151
1692188723080109650,1231,24839000000,23.2919686266194,2.9646316196407736,0.8589993359429573
1692188723095160586,1232,24859000000,23.29211820814512,2.9453138538998065,0.8590002191659418
1692188723135526694,1233,24879000000,23.29225410514661,2.925992149440772,0.8589993386699096
1692188723185664101,1234,24899000000,23.29240021283918,2.906673424119856,0.8590001979915093
1692188723185706747,1235,24919000000,23.29253636382218,2.887354178185067,0.85900157702983
1692188723185714397,1236,24939000000,23.292690877561604,2.8680348877835224,0.8590001694686212
1692188723235554005,1237,24959000000,23.292821463125247,2.848714655399131,0.8590015713853284
1692188723235566880,1238,24979000000,23.292966670748445,2.829393949555973,0.8590007783455488
1692188723252169576,1239,24999000000,23.293097556086597,2.8100850500541767,0.8590048527778713
1692188723273229475,1240,25019000000,23.29325358084797,2.790754687014034,0.8590007086983521
1692188723315656724,1241,25039000000,23.293382221185556,2.771445515640276,0.8590048542933119
1692188723315724173,1242,25059000000,23.29353205415156,2.752118405926124,0.8590002000719563
1692188723365588350,1243,25079000000,23.29366998165869,2.732783066182356,0.8589946620164542
1692188723365620239,1244,25099000000,23.29381715267745,2.713478859762632,0.8590002000678023
1692188723415562240,1245,25119000000,23.29395408936492,2.6941435044907425,0.8589946745494993
1692188723415587726,1246,25139000000,23.29410709865412,2.674831672539333,0.8589914033638921
1692188723415596489,1247,25159000000,23.29422919998547,2.655519208276168,0.8589962988258725
1692188723465512455,1248,25179000000,23.29438505455881,2.636199093641325,0.8590001695797549
1692188723465530339,1249,25199000000,23.294535461095265,2.6168697106676837,0.8589931148476024
1692188723465537800,1250,25219000000,23.29467211849008,2.597552363946883,0.8589899900564311
1692188723515462017,1251,25239000000,23.29481348477773,2.578239542427517,0.8590002000017214
1692188723515477131,1252,25259000000,23.294947444661613,2.5589224867137723,0.8589957491760403
1692188723515676803,1253,25279000000,23.29509836950012,2.5395982814054747,0.8589983583135757
1692188723556042259,1254,25299000000,23.295219480626265,2.520275365164414,0.858998119312209
1692188723605626574,1255,25319000000,23.29534841390379,2.5009613872323437,0.8589993398397988
1692188723605652263,1256,25339000000,23.29549090482532,2.48164234136631,0.8590001986117604
1692188723605657122,1257,25359000000,23.29562274358164,2.462323991325757,0.859001666260669
1692188723665560724,1258,25379000000,23.29572956054347,2.443004393027012,0.8590001985355394
1692188723665584599,1259,25399000000,23.29585259265929,2.423688253784829,0.8590017435110303
1692188723665602295,1260,25419000000,23.29596875394569,2.404369971886664,0.8590002118361871
1692188723725610307,1261,25439000000,23.296086259779656,2.3850519279923064,0.8590002000713084
1692188723725647372,1262,25459000000,23.29620957159133,2.365731866170419,0.8590001695714443
1692188723725676570,1263,25479000000,23.296330273166287,2.3464119931527816,0.859000308538114
1692188723775644008,1264,25499000000,23.296460775820808,2.327096996843026,0.858997590294887
1692188723775687277,1265,25519000000,23.296574231304067,2.3077746843023976,0.8590001710053445
1692188723781833964,1266,25539000000,23.29668755883268,2.288460876051834,0.8589957748503645
1692188723796008583,1267,25559000000,23.296809327385944,2.269139894145125,0.8590003084105913
1692188723845488790,1268,25579000000,23.296927122454434,2.249821091718035,0.8590003083900044
1692188723895515081,1269,25599000000,23.29704729287261,2.23050224023251,0.8590002005717471
1692188723895539718,1270,25619000000,23.297173969797164,2.211185149588781,0.8590014623385285
1692188723895565086,1271,25639000000,23.297305696099414,2.19186226666522,0.8590001711519594
1692188723895579093,1272,25659000000,23.297423588227293,2.172546320508252,0.8590001695792934
1692188723945718878,1273,25679000000,23.297572484179696,2.1532169569086066,0.8589931750066003
1692188723956095528,1274,25699000000,23.29770353835565,2.1338993931989085,0.8589899894114678
1692188724005520341,1275,25719000000,23.297814739372537,2.114584491642638,0.8589984937249013
1692188724005545960,1276,25739000000,23.29793246245096,2.095264441882128,0.8589913962918738
1692188724005581512,1277,25759000000,23.298049639708672,2.0759458120806915,0.858989977916116
1692188724055495920,1278,25779000000,23.29816939226673,2.056631786268362,0.8589983829684258
1692188724055514586,1279,25799000000,23.298291238830807,2.0373087389296125,0.858998119575429
1692188724076621065,1280,25819000000,23.298420008154977,2.0179945989179875,0.8589985952627678
1692188724096669040,1281,25839000000,23.298537324058262,1.9986759054184795,0.8590007736656762
1692188724145670618,1282,25859000000,23.298651781097792,1.97935310483556,0.858997052701823
1692188724195568876,1283,25879000000,23.298765413501258,1.960040916631029,0.8589993667891662
1692188724195605887,1284,25899000000,23.298883259772467,1.940721799729101,0.8590007852980691
1692188724195621285,1285,25919000000,23.299009309215386,1.921400306700698,0.8589926123638513
1692188724195633857,1286,25939000000,23.299134081521785,1.9020849590121127,0.8589957558949969
1692188724195687443,1287,25959000000,23.29926483143167,1.8827551650904428,0.8589940362932719
1692188724255718235,1288,25979000000,23.29938296226972,1.863446943503544,0.8589985107255471
1692188724265361644,1289,25999000000,23.29948678505288,1.8441367048410828,0.859004238209996
1692188724315613733,1290,26019000000,23.29960899085504,1.8248057702876264,0.8589899756061744
1692188724315632931,1291,26039000000,23.29972839609279,1.8054917003954565,0.8589983848382642
1692188724315640995,1292,26059000000,23.29984984684126,1.78616861795523,0.8589981197696717
1692188724315655705,1293,26079000000,23.299978279430828,1.7668544455454576,0.8589985944687639
1692188724375699532,1294,26099000000,23.30009567298035,1.7475449555568257,0.8590034624492988
1692188724375729279,1295,26119000000,23.30022487000945,1.728212542111992,0.8589913983711948
1692188724379349941,1296,26139000000,23.30034332468796,1.7088940222078988,0.8589899776717629
1692188724395239024,1297,26159000000,23.300467075131174,1.68958042558958,0.8590033088619136
1692188724445492975,1298,26179000000,23.300616326590468,1.6702616245241708,0.8590003084109821
1692188724505556189,1299,26199000000,23.300734184711636,1.6509395417747816,0.8590010299671414
1692188724505568433,1300,26219000000,23.30084181924028,1.6316253145310209,0.8590001695709482
1692188724505571579,1301,26239000000,23.30096158219181,1.6123053287105855,0.8590003084917631
1692188724505628272,1302,26259000000,23.30109294308908,1.592985566263499,0.8590001985329238
1692188724555626221,1303,26279000000,23.301217163308248,1.5736697750863768,0.8590017360132609
1692188724555664128,1304,26299000000,23.301334055257204,1.554351552561462,0.8590002095140417
1692188724574792482,1305,26319000000,23.30145224114885,1.5350335648723878,0.8590002000714974
1692188724580511834,1306,26339000000,23.30157914250449,1.5157095158880878,0.8589957582318828
1692188724625508124,1307,26359000000,23.301679857582204,1.4963957493289055,0.8590001972457348
1692188724685664817,1308,26379000000,23.30180565635496,1.477078512292793,0.859001462024601
1692188724685686561,1309,26399000000,23.30193654865928,1.4577555554748751,0.8590001711441075
1692188724685690366,1310,26419000000,23.30205206851492,1.4384423969011295,0.8589957726720614
1692188724685692813,1311,26439000000,23.302174555779203,1.4191214718221812,0.8590003084105836
1692188724735489491,1312,26459000000,23.302293021627715,1.399802725030214,0.8590003083896309
1692188724744953586,1313,26479000000,23.30242113119718,1.3804825973343076,0.8590017937107248
1692188724785609545,1314,26499000000,23.30252092762096,1.3611654147325116,0.8590003085013146
1692188724785650083,1315,26519000000,23.302651938845997,1.3418454618128606,0.8590001985330113
1692188724785720900,1316,26539000000,23.302775778767632,1.3225296421138943,0.8590017410313027
1692188724845533236,1317,26559000000,23.30289222402471,1.303211383328893,0.859000210942874
1692188724845565517,1318,26579000000,23.303009990227448,1.2838933607707097,0.8590002000713833
1692188724858170186,1319,26599000000,23.303147744110063,1.2645619554727234,0.8589982829124292
1692188724858190886,1320,26619000000,23.303848478144708,1.245239205769386,0.8590001696497805
1692188724907250869,1321,26639000000,23.304448334564995,1.2259137932788984,0.8590001696497707
1692188724907290178,1322,26659000000,23.304730820800387,1.2065872263609627,0.8590001696793015
1692188724955635630,1323,26679000000,23.30467944496118,1.1872642638470607,0.85900016967868
1692188724967041652,1324,26699000000,23.30429179699092,1.1679506378697495,0.8590001696780589
1692188725015633489,1325,26719000000,23.30356694026853,1.1486521494244777,0.8590001696774388
1692188725015681636,1326,26739000000,23.30250409093761,1.1293746478698776,0.8590001696768197
1692188725015696532,1327,26759000000,23.30110258572588,1.1101240279221232,0.8590001696762021
1692188725015723564,1328,26779000000,23.2993618843615,1.0909062264241705,0.8590001696755862
1692188725065572330,1329,26799000000,23.29728157279065,1.07172721888203,0.8590001696749726
1692188725065605684,1330,26819000000,23.29486136635762,1.052593015780123,0.8590001696743617
1692188725079420388,1331,26839000000,23.292101112876868,1.0335096586793722,0.8590001696737537
1692188725095150394,1332,26859000000,23.28900079557753,1.0144832161013286,0.8590001696731494
1692188725135612345,1333,26879000000,23.285560535904352,0.9955197792027248,0.8590001696725489
1692188725195606362,1334,26899000000,23.281780596158896,0.9766254572461424,0.8590001696719529
1692188725195647898,1335,26919000000,23.27766138196467,0.9578063728738536,0.8590001696713618
1692188725195657827,1336,26939000000,23.273203444540357,0.939068657193318,0.8590001696707763
1692188725195675029,1337,26959000000,23.268407482817928,0.920418444669424,0.8590001696701968
1692188725255591160,1338,26979000000,23.2632743455922,0.9018618677662108,0.8590001696696238
1692188725275419430,1339,26999000000,23.25782773624459,0.8834103114216206,0.8590001696623399
1692188725315761956,1340,27019000000,23.25211858627708,0.8650723429912193,0.8590001696437239
1692188725315799142,1341,27039000000,23.246130506551847,0.8468628356224195,0.8590001696437928
1692188725315806942,1342,27059000000,23.239815331229423,0.8287870281556821,0.8590001696438394
1692188725375569877,1343,27079000000,23.233109178647908,0.8108605838917715,0.8590001696438886
1692188725381531022,1344,27099000000,23.22600639142703,0.7930950303084692,0.8590001696439497
1692188725435520913,1345,27119000000,23.218510378601135,0.7754987708717923,0.859000169644023
1692188725435554896,1346,27139000000,23.210625342997385,0.7580798579656031,0.8590001696441085
1692188725435559164,1347,27159000000,23.20235571278487,0.740846195697467,0.8590001696442063
1692188725435570331,1348,27179000000,23.19370599957061,0.7238049392649126,0.8590001696647563
1692188725485731487,1349,27199000000,23.18465834331198,0.7069554072934154,0.8590001696634917
1692188725485753940,1350,27219000000,23.175236432690497,0.6903129630320055,0.8590001696596501
1692188725485779759,1351,27239000000,23.165474804898217,0.6738857897180716,0.8590001696568995
1692188725495111270,1352,27259000000,23.15539180964266,0.6576797223423679,0.8590001696550955
1692188725532305669,1353,27279000000,23.14498006228172,0.6417058795043082,0.8590001696584355
1692188725585740224,1354,27299000000,23.134217235874413,0.6259736434749646,0.8590001696575567
1692188725585772337,1355,27319000000,23.123097539563148,0.6104960315043958,0.8590001696567062
1692188725635524679,1356,27339000000,23.11162573245798,0.595281474641968,0.8590001696558826
1692188725635555809,1357,27359000000,23.09980761612254,0.5803377021958447,0.8590001696550862
1692188725685522677,1358,27379000000,23.08764921869289,0.5656722720931726,0.859000169654319
1692188725685538600,1359,27399000000,23.075156737101707,0.5512926052065399,0.8590001696536309
1692188725685542596,1360,27419000000,23.062336530415717,0.5372059844281956,0.8590001696529687
1692188725685547567,1361,27439000000,23.04919511653181,0.523419551325332,0.8590001696523328
1692188725735744641,1362,27459000000,23.03573916902836,0.509940302686826,0.8590001696517234
1692188725749422025,1363,27479000000,23.021975513955702,0.4967750871271775,0.8590001696511409
1692188725805676293,1364,27499000000,23.007911126553584,0.4839306017602962,0.8590001696505856
1692188725805701536,1365,27519000000,22.993553127895773,0.4714133889456495,0.8590001696500575
1692188725805708745,1366,27539000000,22.978908781463605,0.4592298331084261,0.8590001696495573
1692188725805723749,1367,27559000000,22.96398548965,0.4473861576352784,0.8590001696490848
1692188725865748274,1368,27579000000,22.9487907901955,0.4358884218471823,0.8590001696486405
1692188725865813476,1369,27599000000,22.9333323525582,0.4247425180509026,0.8590001696482245
1692188725865848785,1370,27619000000,22.917617974219134,0.413954168670526,0.859000169647837
1692188725884283038,1371,27639000000,22.901655576925044,0.4035289234604822,0.8590001696474783
1692188725895429310,1372,27659000000,22.885453202870067,0.3934721568014355,0.8590001696471484
1692188725935678276,1373,27679000000,22.869019010818448,0.383789065080391,0.8590001696468477
1692188725985610651,1374,27699000000,22.852576534546813,0.3741015122694734,0.8590001696464873
1692188725985655535,1375,27719000000,22.83591235615452,0.3647891591970683,0.8590001696466643
1692188726035505232,1376,27739000000,22.819206737896067,0.3555491981069729,0.8590001696466766
1692188726035535994,1377,27759000000,22.802498211487947,0.3463143383133822,0.8590001696466774
1692188726035577583,1378,27779000000,22.785789435570823,0.3370799163456146,0.8590001696466774
1692188726095744076,1379,27799000000,22.769080591733875,0.3278456135652832,0.8590001696466772
1692188726095780475,1380,27819000000,22.7523716923801,0.3186114082088962,0.8590001696466772
1692188726095786016,1381,27839000000,22.735662738356147,0.3093772987919219,0.8590001696466771
1692188726155555951,1382,27859000000,22.71895372971935,0.3001432852150331,0.8590001696466771
1692188726155580889,1383,27879000000,22.702244666473064,0.2909093674735231,0.859000169646677
1692188726178882919,1384,27899000000,22.685535548617,0.2816755455691477,0.8590001696466769
1692188726178932375,1385,27919000000,22.6688263761506,0.272441819504105,0.8590001696466769
1692188726235548520,1386,27939000000,22.65211714907332,0.2632081892806224,0.8590001696466768
1692188726235569539,1387,27959000000,22.63540786738456,0.2539746549009303,0.8590001696466768
1692188726235580620,1388,27979000000,22.61869853108376,0.2447412163672586,0.8590001696466767
1692188726285744217,1389,27999000000,22.601989140170343,0.2355078736818379,0.8590001696466766
1692188726285754146,1390,28019000000,22.585279694643752,0.2262746268468983,0.8590001696466766
1692188726285767760,1391,28039000000,22.568570194503412,0.2170414758646701,0.8590001696466765
1692188726335886439,1392,28059000000,22.551860639748742,0.2078084207373839,0.8590001696466765
1692188726335922838,1393,28079000000,22.53515103037919,0.19857546146727,0.8590001696466764
1692188726380204383,1394,28099000000,22.518441366394168,0.1893425980565591,0.8590001696466762
1692188726380302468,1395,28119000000,22.50173164779312,0.1801098305074817,0.8590001696466762
1692188726435528268,1396,28139000000,22.485021874575462,0.1708771588222684,0.8590001696466761
1692188726435551603,1397,28159000000,22.468312046740643,0.1616445830031499,0.8590001696466761
1692188726435568285,1398,28179000000,22.451602164288072,0.152412103052357,0.859000169646676
1692188726485652924,1399,28199000000,22.4348922272172,0.1431797189721205,0.8590001696466759
1692188726485686579,1400,28219000000,22.418182235527432,0.133947430764671,0.8590001696466759
1692188726489980364,1401,28239000000,22.40147218921821,0.1247152384322397,0.8590001696466758
1692188726495131657,1402,28259000000,22.38476208828897,0.1154831419770572,0.8590001696466758
1692188726535522387,1403,28279000000,22.36805193273912,0.1062511414013547,0.8590001696466757
1692188726595662578,1404,28299000000,22.351341722568105,0.0970192367073632,0.8590001696466756
1692188726596001441,1405,28319000000,22.33463145777536,0.0877874278973138,0.8590001696466756
1692188726596030853,1406,28339000000,22.31792113836031,0.0785557149734375,0.8590001696466755
1692188726655544214,1407,28359000000,22.30121076432237,0.0693240979379656,0.8590001696466754
1692188726655572875,1408,28379000000,22.284500335661,0.0600925767931294,0.8590001696466754
1692188726676389930,1409,28399000000,22.267789852375603,0.0508611515411601,0.8590001696466752
1692188726676430657,1410,28419000000,22.251079314465624,0.0416298221842889,0.8590001696466752
1692188726725692588,1411,28439000000,22.234368721930487,0.0323985887247475,0.8590001696466751
1692188726725712326,1412,28459000000,22.217658074769627,0.0231674511647672,0.859000169646675
1692188726725756658,1413,28479000000,22.20094737298247,0.0139364095065795,0.859000169646675
1692188726785553408,1414,28499000000,22.184236616568448,0.004705463752416,0.8590001696466749
1692188726785576185,1415,28519000000,22.167525805526985,-0.0045253860954918,0.8590001696466749
1692188726785614412,1416,28539000000,22.15081493985751,-0.0137561400349123,0.8590001696466748
1692188726835669762,1417,28559000000,22.13410401955946,-0.0229867980636136,0.8590001696466747
1692188726835704155,1418,28579000000,22.11739304463225,-0.0322173601793641,0.8590001696466747
1692188726864166206,1419,28599000000,22.10068201507533,-0.041447826379932,0.8590001696466746
1692188726864195904,1420,28619000000,22.083970930888125,-0.0506781966630853,0.8590001696466745
1692188726905725049,1421,28639000000,22.06725979207006,-0.0599084710265923,0.8590001696466745
1692188726905745691,1422,28659000000,22.050548598620555,-0.0691386494682209,0.8590001696466744
1692188726955685003,1423,28679000000,22.03383735053906,-0.0783687319857391,0.8590001696466744
1692188726976205041,1424,28699000000,22.017126047824988,-0.0875987185769149,0.8590001696466742
1692188727035521069,1425,28719000000,22.000414690477783,-0.0968286092395162,0.8590001696466742
1692188727035532871,1426,28739000000,21.98370327849688,-0.1060584039713108,0.8590001696466741
1692188727035705732,1427,28759000000,21.96699181188168,-0.1152881027700664,0.859000169646674
1692188727035725733,1428,28779000000,21.95028029063165,-0.1245177056335509,0.859000169646674
1692188727095603602,1429,28799000000,21.933568714746198,-0.1337472125595318,0.8590001696466739
1692188727095641963,1430,28819000000,21.916857084224752,-0.142976623545777,0.8590001696466739
1692188727095674473,1431,28839000000,21.900145399066748,-0.1522059385900538,0.8590001696466738
1692188727095719989,1432,28859000000,21.883433659271606,-0.16143515769013,0.8590001696466737
1692188727155553942,1433,28879000000,21.866721864838773,-0.1706642808437727,0.8590001696466737
1692188727176540620,1434,28899000000,21.850010015767683,-0.1798933080487498,0.8590001696466736
1692188727235535417,1435,28919000000,21.83329811205775,-0.1891222393028283,0.8590001696466735
1692188727235569461,1436,28939000000,21.816335809355188,-0.197901364465805,0.8590001696466304
1692188727235573419,1437,28959000000,21.799391793706683,-0.2066930851674328,0.8590001696462929
1692188727235596704,1438,28979000000,21.78226707913981,-0.215138362715869,0.8590001696460795
1692188727285545446,1439,28999000000,21.7649477272995,-0.2231930394916742,0.8590001696459022
1692188727285576999,1440,29019000000,21.74744094794142,-0.2308501248499703,0.8590001696457551
1692188727298307549,1441,29039000000,21.72975543643237,-0.2381053912452485,0.8590001696455437
1692188727298344498,1442,29059000000,21.71190006602969,-0.2449549830552221,0.859000169645453
1692188727345775510,1443,29079000000,21.6938837992392,-0.2513952531917666,0.8590001696453923
1692188727345822450,1444,29099000000,21.675715677156575,-0.2574227533336132,0.8590001696453614
1692188727395910197,1445,29119000000,21.65740481492366,-0.2630342348749176,0.8590001696453604
1692188727395949983,1446,29139000000,21.63896039729755,-0.2682266504607462,0.8590001696453895
1692188727445713867,1447,29159000000,21.620391674206804,-0.2729971554813189,0.8590001696454485
1692188727445753192,1448,29179000000,21.601707956277536,-0.2773431094753837,0.8590001696454157
1692188727445793982,1449,29199000000,21.58292188578402,-0.2813425865205601,0.8590001696568547
1692188727495608600,1450,29219000000,21.564046654548093,-0.2850164523222812,0.8590002719748898
1692188727495641596,1451,29239000000,21.545082305478008,-0.2883211700710014,0.8590002099414111
1692188727501937554,1452,29259000000,21.52604583844364,-0.2913393213807804,0.8590002119575133
1692188727529340991,1453,29279000000,21.50694547450156,-0.2940597741259659,0.8590002011234803
1692188727575537241,1454,29299000000,21.48778904509467,-0.2964287513395119,0.8590002016699618
1692188727575562000,1455,29319000000,21.46858706508407,-0.2984629464211034,0.859000202234898
1692188727625623694,1456,29339000000,21.449346026368868,-0.300351900515048,0.8590001696810935
1692188727625646429,1457,29359000000,21.430081786292188,-0.3021269293795677,0.859000307863513
1692188727625650816,1458,29379000000,21.410807445413987,-0.3030184927432064,0.8590001984668229
1692188727675527827,1459,29399000000,21.39151473207586,-0.3035775842499409,0.8590003187517159
1692188727675558732,1460,29419000000,21.372223221980693,-0.3041032698014559,0.8590001996990467
1692188727692053105,1461,29439000000,21.352926671847097,-0.3046285651034782,0.8590001996992982
1692188727695306673,1462,29459000000,21.333630086830954,-0.3051536243546614,0.8590001996991621
1692188727745544203,1463,29479000000,21.31433348531521,-0.3056784069332046,0.859000199699034
1692188727795550672,1464,29499000000,21.29503686735333,-0.3062029128913875,0.8590001996989145
1692188727795585553,1465,29519000000,21.27574023295046,-0.3067271422288413,0.8590001996988026
1692188727795595305,1466,29539000000,21.25644358210725,-0.3072510949426489,0.8590001996986975
1692188727795612742,1467,29559000000,21.237146914826003,-0.3077747710300142,0.859000199698599
1692188727855529681,1468,29579000000,21.21785023110905,-0.3082981704880779,0.8590001996985068
1692188727878074052,1469,29599000000,21.198553530958737,-0.308821293313949,0.8590001996984208
1692188727925507347,1470,29619000000,21.17925681437744,-0.3093441395047074,0.8590001996983403
1692188727925543303,1471,29639000000,21.159960081367554,-0.3098667090574035,0.8590001996982655
1692188727925549355,1472,29659000000,21.14066333193149,-0.31038900196906,0.8590001996981957
1692188727925557734,1473,29679000000,21.121366566071668,-0.310911018236671,0.859000199698131
1692188727975628659,1474,29699000000,21.10206978379054,-0.3114327578572033,0.8590001996980711
1692188727975653354,1475,29719000000,21.082772985090585,-0.3119542208275963,0.8590001996980157
1692188727990933154,1476,29739000000,21.06347616997428,-0.3124754071447627,0.8590001996979645
1692188727995312828,1477,29759000000,21.04417933844413,-0.3129963168055893,0.8590001996979175
1692188728035490331,1478,29779000000,21.024882490502687,-0.3135169498069367,0.8590001996978744
1692188728085562055,1479,29799000000,21.00558562615248,-0.3140373061456385,0.8590001996978565
1692188728085582344,1480,29819000000,20.986288745396145,-0.3145573858184867,0.8590001996979465
1692188728135626496,1481,29839000000,20.9669918482362,-0.3150771888222657,0.8590001996980372
1692188728135676519,1482,29859000000,20.94769493467524,-0.315596715153739,0.8590001996981286
1692188728135713493,1483,29879000000,20.92839800471586,-0.3161159648096452,0.8590001996982206
1692188728195559551,1484,29899000000,20.909101058360708,-0.316634937786699,0.8590001996983131
1692188728195603340,1485,29919000000,20.889804095612423,-0.3171536340815925,0.859000199698406
1692188728195652848,1486,29939000000,20.870507116473657,-0.3176720536909943,0.8590001996984992
1692188728195675480,1487,29959000000,20.851210120947105,-0.3181901966115513,0.8590001996985925
1692188728255494291,1488,29979000000,20.831913109035447,-0.3187080628398878,0.859000199698686
1692188728265314007,1489,29999000000,20.812616080741403,-0.3192256523726064,0.8590001996987796
1692188728315510078,1490,30019000000,20.793319036067693,-0.3197429652062886,0.8590001996988732
1692188728315537425,1491,30039000000,20.77402197501705,-0.3202600013374951,0.8590001996989667
1692188728315545540,1492,30059000000,20.75472489759224,-0.3207767607627655,0.85900019969906
1692188728375561071,1493,30079000000,20.735427803796025,-0.3212932434786194,0.8590001996991533
1692188728376753195,1494,30099000000,20.7161306936312,-0.3218094494815566,0.8590001996992462
1692188728425627093,1495,30119000000,20.696833567100565,-0.3223253787680571,0.8590001996993388
1692188728425660051,1496,30139000000,20.67753642420692,-0.3228410313345815,0.8590001996994312
1692188728425696591,1497,30159000000,20.65823926495309,-0.3233564071775719,0.8590001996995231
1692188728425772264,1498,30179000000,20.638942089341946,-0.3238715062934518,0.8590001996996145
1692188728485752882,1499,30199000000,20.61964489737632,-0.3243863286786259,0.8590001996997055
1692188728485782736,1500,30219000000,20.60034768905908,-0.3249008743294818,0.859000199699796
1692188728489955462,1501,30239000000,20.581050464393112,-0.3254151432423886,0.859000199699886
1692188728495134288,1502,30259000000,20.561753223381224,-0.3259291354136707,0.8590001996999753
1692188728545562195,1503,30279000000,20.542455966026257,-0.3264428508396132,0.8590001997000641
1692188728595595839,1504,30299000000,20.523158692331183,-0.3269562895165322,0.8590001997001522
1692188728595608693,1505,30319000000,20.503862276617475,-0.3274876562324678,0.8590001996292221
1692188728595615659,1506,30339000000,20.48458843107033,-0.328704410469943,0.8589973337464276
1692188728595620699,1507,30359000000,20.465327490030887,-0.3299374678926663,0.859000219456648
1692188728645660803,1508,30379000000,20.44609048816204,-0.331479878608764,0.8590002322573366
1692188728670272136,1509,30399000000,20.42688689241985,-0.3333538862130324,0.8590001989989703
1692188728715550502,1510,30419000000,20.407724716103587,-0.3355687322589398,0.8590001990413322
1692188728715564383,1511,30439000000,20.388609378428807,-0.3381215770684219,0.8590001989769972
1692188728715568216,1512,30459000000,20.369546095894787,-0.3410077109037949,0.8590001989888443
1692188728765578525,1513,30479000000,20.35054050517444,-0.3442259644452842,0.8590001994521465
1692188728765612853,1514,30499000000,20.33159824479246,-0.3477753097807614,0.8590001995850647
1692188728778931954,1515,30519000000,20.312724918521067,-0.3516545789005633,0.8590002002591837
1692188728797656300,1516,30539000000,20.293930700784365,-0.3558795819450333,0.85900001959956
1692188728855506314,1517,30559000000,20.27521125986658,-0.3604196530719463,0.8589995332269575
1692188728855529521,1518,30579000000,20.256584412501105,-0.3653016753179621,0.858997602863697
1692188728905545853,1519,30599000000,20.23805793909841,-0.3704705547211536,0.8589977921063295
1692188728905575821,1520,30619000000,20.219638481878096,-0.3759460303017524,0.8590000463618045
1692188728905614642,1521,30639000000,20.201327236880136,-0.3817466247247981,0.8589940439638455
1692188728905633698,1522,30659000000,20.18313191059041,-0.3878950975395555,0.858994899886705
1692188728955510753,1523,30679000000,20.16506840259575,-0.3944107760367535,0.8589987255242735
1692188728968352132,1524,30699000000,20.147136547048675,-0.4013570645282751,0.8589982448694857
1692188729015808661,1525,30719000000,20.12934080992456,-0.4085464103607661,0.858998822534428
1692188729015906158,1526,30739000000,20.11169125972457,-0.4160950288569667,0.8590001694643313
1692188729015985600,1527,30759000000,20.09419036151793,-0.4239455484372126,0.8589977001067142
1692188729075543922,1528,30779000000,20.07686043263124,-0.4321070859364855,0.858998330658557
1692188729075654995,1529,30799000000,20.05971183100435,-0.4405962928977263,0.8590001695859039
1692188729135565502,1530,30819000000,20.042742242315303,-0.4493959985989356,0.8590001696238623
1692188729135604833,1531,30839000000,20.02597328456394,-0.4585289779656099,0.8590001696511583
1692188729135608610,1532,30859000000,20.00941566745877,-0.4680059078056898,0.8590001696507468
1692188729135631308,1533,30879000000,19.99308211751124,-0.4778535182737685,0.8590001696503494
1692188729185666938,1534,30899000000,19.97698364986072,-0.4880720245163074,0.8590001696499626
1692188729185688569,1535,30919000000,19.96112859202496,-0.4986565364784983,0.8590001696481153
1692188729195232064,1536,30939000000,19.94552495330857,-0.5096016439798372,0.8590001696485206
1692188729195264098,1537,30959000000,19.930180607629207,-0.5209017391117992,0.8590001696489543
1692188729245640842,1538,30979000000,19.915103302958872,-0.5325510405144247,0.8590001696494162
1692188729295703830,1539,30999000000,19.90030065849868,-0.5445435975922397,0.8590001696499061
1692188729295724199,1540,31019000000,19.88578016105208,-0.5568732934701448,0.8590001696504237
1692188729295888513,1541,31039000000,19.87154916139888,-0.5695338479375135,0.8590001696509688
1692188729345515555,1542,31059000000,19.857614870729517,-0.5825188204654532,0.8590001696515411
1692188729345539361,1543,31079000000,19.843984357145704,-0.5958216133016375,0.8590001696521404
1692188729377163160,1544,31099000000,19.830664542229343,-0.609435474641645,0.8590001696527665
1692188729377204713,1545,31119000000,19.81766219768139,-0.6233535018753371,0.8590001696534189
1692188729435545203,1546,31139000000,19.804983942032298,-0.6375686449067478,0.8590001696540974
1692188729435599115,1547,31159000000,19.79263623742576,-0.6520737095458924,0.8590001696548368
1692188729435614761,1548,31179000000,19.780625386477137,-0.6668613609708722,0.8590001696556233
1692188729495464718,1549,31199000000,19.76895752920816,-0.6819241272585967,0.8590001696564369
1692188729495494968,1550,31219000000,19.75763864006051,-0.6972544029833165,0.8590001696572775
1692188729495528194,1551,31239000000,19.746674524988094,-0.7128444528798454,0.8590001696581078
1692188729495532838,1552,31259000000,19.736070818628964,-0.7286864155696681,0.8590001696589441
1692188729545573327,1553,31279000000,19.725832981560817,-0.7447723073498376,0.8590001696598082
1692188729581888064,1554,31299000000,19.71596629763979,-0.7610940260416446,0.8590001696606998
1692188729635895977,1555,31319000000,19.70647587142408,-0.7776433548974716,0.8590001696616183
1692188729635906066,1556,31339000000,19.6973666256837,-0.7944119665638982,0.8590001696625635
1692188729635908310,1557,31359000000,19.688643298997683,-0.8113914270992416,0.8590001696635349
1692188729635941808,1558,31379000000,19.680310443439826,-0.8285732000435921,0.8590001696645319
1692188729685569261,1559,31399000000,19.67237242235431,-0.8459486505394032,0.859000169665554
1692188729685592585,1560,31419000000,19.66483340822217,-0.8635090495006559,0.859000169666601
1692188729685992561,1561,31439000000,19.65725612809717,-0.8810634627422009,0.8590001696672038
1692188729695210532,1562,31459000000,19.65009169522316,-0.8987982806555397,0.8590001696670979
1692188729735483297,1563,31479000000,19.642986375958905,-0.9165581237882684,0.8590001696670909
1692188729785563951,1564,31499000000,19.63588527227048,-0.934319744557539,0.8590001696670908
1692188729785589753,1565,31519000000,19.628784592144005,-0.9520815438754572,0.8590001696670911
1692188729835588163,1566,31539000000,19.621684076048435,-0.9698434123353455,0.8590001696670916
1692188729835611690,1567,31559000000,19.61458370622698,-0.9876053424508277,0.8590001696670919
1692188729835618140,1568,31579000000,19.60748348146762,-1.0053673337096587,0.8590001696670923
1692188729885529859,1569,31599000000,19.60038340169045,-1.0231293860768256,0.8590001696670927
1692188729885557732,1570,31619000000,19.59328346689307,-1.0408914995499692,0.859000169667093
1692188729890306899,1571,31639000000,19.58618367707837,-1.0586536741289665,0.8590001696670935
1692188729895344099,1572,31659000000,19.57908403224961,-1.0764159098138473,0.8590001696670939
1692188729945748681,1573,31679000000,19.571984532410085,-1.0941782066046508,0.8590001696670942
1692188729995500090,1574,31699000000,19.56488517756306,-1.111940564501417,0.8590001696670946
1692188729995521060,1575,31719000000,19.55778596771182,-1.129702983504188,0.859000169667095
1692188729995554514,1576,31739000000,19.55068690285966,-1.1474654636130022,0.8590001696670954
1692188729995568242,1577,31759000000,19.543587983009846,-1.165228004827901,0.8590001696670957
1692188730045563983,1578,31779000000,19.536489208165666,-1.182990607148924,0.8590001696670961
1692188730063187636,1579,31799000000,19.52939057833041,-1.2007532705761126,0.8590001696670965
1692188730105518222,1580,31819000000,19.522292093507364,-1.2185159951095057,0.8590001696670969
1692188730105537500,1581,31839000000,19.51519375369981,-1.236278780749143,0.8590001696670972
1692188730105553227,1582,31859000000,19.50809555891103,-1.2540416274950674,0.8590001696670977
1692188730155832615,1583,31879000000,19.500997509144305,-1.2718045353473169,0.859000169667098
1692188730175795865,1584,31899000000,19.49389960440292,-1.289567504305931,0.8590001696670985
1692188730225523019,1585,31919000000,19.48680184469016,-1.3073305343709505,0.8590001696670988
1692188730225571933,1586,31939000000,19.4797042300093,-1.3250936255424144,0.8590001696670992
1692188730225585524,1587,31959000000,19.472606760363643,-1.3428567778203635,0.8590001696670996
1692188730225649290,1588,31979000000,19.465509435756463,-1.3606199912048376,0.8590001696670999
1692188730285507276,1589,31999000000,19.458412256191043,-1.3783832656958752,0.8590001696671004
1692188730285522324,1590,32019000000,19.45131522167067,-1.3961466012935173,0.8590001696671008
1692188730295310379,1591,32039000000,19.444218332198638,-1.413909997997803,0.8590001696671011
1692188730295348804,1592,32059000000,19.43712158777821,-1.4316734558087716,0.8590001696671015
1692188730335525287,1593,32079000000,19.430024988412686,-1.4494369747264628,0.8590001696671019
1692188730395521964,1594,32099000000,19.42292853410534,-1.4672005547509162,0.8590001696671024
1692188730395555667,1595,32119000000,19.415832224859464,-1.4849641958821709,0.8590001696671027
1692188730455496522,1596,32139000000,19.408736060678347,-1.502727898120267,0.859000169667103
1692188730455516288,1597,32159000000,19.401377949394483,-1.5200594605843958,0.8589991063293595
1692188730455520248,1598,32179000000,19.39412403769076,-1.5376648313318066,0.8590001625304705
1692188730455542558,1599,32199000000,19.38682662079245,-1.5552515593627854,0.8590001794154138
1692188730515762861,1600,32219000000,19.37948515557303,-1.5728143389412224,0.8590002068447102
1692188730515798441,1601,32239000000,19.372094319424424,-1.5903753655143804,0.8590001320199198
1692188730515823356,1602,32259000000,19.364658006865824,-1.6079219371838405,0.8590001319952725
1692188730541373544,1603,32279000000,19.35717531880775,-1.6254530535442502,0.8590001330151588
1692188730541452508,1604,32299000000,19.34965362729657,-1.6429714102465338,0.8590001336192828
1692188730585681408,1605,32319000000,19.342088019261176,-1.6604745458567816,0.8590001383897151
1692188730585720685,1606,32339000000,19.3344785934932,-1.6779612919213869,0.8590001376704635
1692188730645503179,1607,32359000000,19.326873891409324,-1.6954416374037564,0.859000138975255
1692188730645523498,1608,32379000000,19.31928017504185,-1.7129178033318164,0.8590001830532372
1692188730645548007,1609,32399000000,19.31170458469504,-1.7303946625004547,0.8590002205387292
1692188730695548081,1610,32419000000,19.304131214491367,-1.7478678483572507,0.8590001811538001
1692188730695567428,1611,32439000000,19.296558911741883,-1.7653453028707284,0.8590001777752854
1692188730703101365,1612,32459000000,19.28899589903024,-1.782828026798159,0.8589994753905436
1692188730748171211,1613,32479000000,19.28143585602997,-1.8003183862101786,0.8589948120862931
1692188730795635042,1614,32499000000,19.273882690846357,-1.8178019855316103,0.8589998075883936
1692188730795668105,1615,32519000000,19.266325984618188,-1.835297086396648,0.8589975044728964
1692188730795717354,1616,32539000000,19.258778430096623,-1.8527876682327096,0.859000169721715
1692188730845562639,1617,32559000000,19.25122693555768,-1.8702869915615563,0.8590001697107191
1692188730845588309,1618,32579000000,19.24367560951757,-1.8877946714966964,0.8590001696659191
1692188730872488419,1619,32599000000,19.236121443446603,-1.9053565648882191,0.8590001696659032
1692188730872634242,1620,32619000000,19.22856783350001,-1.9229208178000128,0.8590001696659034
1692188730916092189,1621,32639000000,19.2210143995497,-1.9404851520981987,0.8590001696659039
1692188730916177550,1622,32659000000,19.21346110309992,-1.9580495483995164,0.8590001696659042
1692188730975627526,1623,32679000000,19.205907941512795,-1.9756140055113256,0.8590001696659045
1692188730975656367,1624,32699000000,19.198354914610743,-1.9931785233523585,0.8590001696659049
1692188730975677939,1625,32719000000,19.1908020223845,-2.0107431019172326,0.8590001696659052
1692188731035611899,1626,32739000000,19.18324926483629,-2.028307741205759,0.8590001696659055
1692188731035645370,1627,32759000000,19.175675429383407,-2.045836390556176,0.8590001696447467
1692188731039003541,1628,32779000000,19.16809338053149,-2.063347345309256,0.859000169647777
1692188731039022931,1629,32799000000,19.16050797840524,-2.080856351416518,0.8590001696312876
1692188731085522967,1630,32819000000,19.152909810776443,-2.0983449459280754,0.8590001696654579
1692188731085550001,1631,32839000000,19.14530707248673,-2.115827019677224,0.8590001696649269
1692188731145605427,1632,32859000000,19.1376999554184,-2.133306631046609,0.8590001696671821
1692188731145679529,1633,32879000000,19.130123432467315,-2.150851514689913,0.8590001696658354
1692188731145709763,1634,32899000000,19.12254520801917,-2.1684046415055147,0.859000169665837
1692188731195507270,1635,32919000000,19.11496634356013,-2.185957487309284,0.8590001696658375
1692188731195528001,1636,32939000000,19.10739809881706,-2.203405821767791,0.8590001696658865
1692188731203095924,1637,32959000000,19.099819593014274,-2.2209567269628177,0.8590001696658596
1692188731241753643,1638,32979000000,19.092248287669527,-2.238512990122909,0.8590001696658589
1692188731285709475,1639,32999000000,19.08467765681228,-2.25606956022243,0.8590001696658591
1692188731285736851,1640,33019000000,19.07710719723238,-2.2736262077501306,0.8590001696658596
1692188731285743981,1641,33039000000,19.069432845450784,-2.291135809744054,0.8590001696666152
1692188731345768180,1642,33059000000,19.06142151529554,-2.308494957020632,0.859000169668149
1692188731345823768,1643,33079000000,19.05332192031092,-2.3258121877727174,0.8590001696667904
1692188731345924934,1644,33099000000,19.04486274607193,-2.3429508752080563,0.8590001696654705
1692188731395669616,1645,33119000000,19.03602055431655,-2.3598991218895566,0.8590001696641458
1692188731395704020,1646,33139000000,19.02678323128835,-2.376645734271554,0.8590001696628252
1692188731403258772,1647,33159000000,19.017188517464263,-2.3931831607329217,0.8590001696577994
1692188731435471407,1648,33179000000,19.00726839482965,-2.4095023381563303,0.8590001696560099
1692188731475565543,1649,33199000000,18.997024598804952,-2.425594304517723,0.8590001696588943
1692188731475597080,1650,33219000000,18.98644169145969,-2.4414506600568706,0.8590001696579969
1692188731525662751,1651,33239000000,18.97550193793823,-2.4570581265407587,0.8590001696571327
1692188731525698788,1652,33259000000,18.96420737145716,-2.47240660354258,0.8590001696562954
1692188731575600971,1653,33279000000,18.95256352408762,-2.487488173322564,0.8590001696554852
1692188731575669813,1654,33299000000,18.940576327201036,-2.5022952027950907,0.8590001696547023
1692188731575696277,1655,33319000000,18.928259619249737,-2.516693368196093,0.8589968137751597
1692188731635601367,1656,33339000000,18.91560190472384,-2.530864451820692,0.859000175616885
1692188731635637836,1657,33359000000,18.902748783535397,-2.5446233943958263,0.8590232143315925
1692188731644069934,1658,33379000000,18.88942964686808,-2.5581538889534143,0.8589995190648674
1692188731644107160,1659,33399000000,18.87594263808745,-2.571550576822549,0.8590001879839163
1692188731691302700,1660,33419000000,18.86218135057568,-2.5846793345521384,0.8589978047421992
1692188731735478099,1661,33439000000,18.848139946867686,-2.5974936646646074,0.8590001696507384
1692188731735501051,1662,33459000000,18.833825838087563,-2.609994068925667,0.8590001696502865
1692188731735547421,1663,33479000000,18.81923923624321,-2.622180818744208,0.8590001442739355
1692188731785558479,1664,33499000000,18.80438766871474,-2.63405540000117,0.8590000772551903
1692188731785583230,1665,33519000000,18.78926634965097,-2.645603535426672,0.8589961996871127
1692188731803249633,1666,33539000000,18.77390795062521,-2.656832925958101,0.8590040566383075
1692188731803277655,1667,33559000000,18.7582940394533,-2.6677348346251635,0.8589998605561975
1692188731845720717,1668,33579000000,18.742460500384365,-2.6782926664966604,0.8590010080847573
1692188731845754458,1669,33599000000,18.72642302921588,-2.688503796390997,0.8590038138767643
1692188731895479141,1670,33619000000,18.710141265029343,-2.698372101040428,0.8590054560322147
1692188731901312246,1671,33639000000,18.69363136727669,-2.707902680687396,0.8589992279736586
1692188731945679217,1672,33659000000,18.67694703375059,-2.7170658882995555,0.8590001439135061
1692188731945716478,1673,33679000000,18.660029745964952,-2.725907967445417,0.8590001696519237
1692188731945748519,1674,33699000000,18.64291641688549,-2.7343753516544886,0.8590001696523599
1692188731995523512,1675,33719000000,18.62560705522872,-2.742450593541615,0.8590001696528037
1692188731995547739,1676,33739000000,18.608109752265666,-2.750128335959941,0.8590001696532564
1692188732025083096,1677,33759000000,18.59043325657676,-2.7574044547401906,0.8590001696537181
1692188732025106771,1678,33779000000,18.572586441176767,-2.7642750920621557,0.8590001696541884
1692188732079407726,1679,33799000000,18.554578264460304,-2.770736591168258,0.8590001696546671
1692188732125479909,1680,33819000000,18.536498523000507,-2.7770214166156286,0.8590001696553234
1692188732125506410,1681,33839000000,18.51832407136011,-2.783060814722266,0.8590001696551496
1692188732125540292,1682,33859000000,18.500074023172026,-2.788882581661538,0.8590001696551365
1692188732175621974,1683,33879000000,18.48181844055024,-2.794688190512645,0.8590001696551358
1692188732175659486,1684,33899000000,18.46356242340374,-2.8004925290254934,0.8590001696551359
1692188732175690959,1685,33919000000,18.44530632110074,-2.8062966185469915,0.8590001696551361
1692188732225522122,1686,33939000000,18.427050157578243,-2.812100529059339,0.8590001696551364
1692188732225547544,1687,33959000000,18.408793934476844,-2.8179042653542634,0.8590001696551366
1692188732226177627,1688,33979000000,18.390537651909398,-2.823707827756557,0.8590001696551368
1692188732276613569,1689,33999000000,18.37228130988407,-2.829511216284929,0.8590001696551369
1692188732325647602,1690,34019000000,18.3540249084019,-2.8353144309371205,0.8590001696551371
1692188732325686656,1691,34039000000,18.335768447463398,-2.841117471709432,0.8590001696551374
1692188732325733759,1692,34059000000,18.31751192706904,-2.846920338598065,0.8590001696551376
1692188732375647743,1693,34079000000,18.29925534721933,-2.8527230315992176,0.8590001696551378
1692188732388752777,1694,34099000000,18.280998707914733,-2.858525550709084,0.8590001696551379
1692188732435667697,1695,34119000000,18.262742009155744,-2.86432789592386,0.8590001696551381
1692188732435702614,1696,34139000000,18.24448525094284,-2.8701300672397405,0.8590001696551384
1692188732435718725,1697,34159000000,18.2262284332765,-2.875932064652922,0.8590001696551386
1692188732495699340,1698,34179000000,18.207971556157226,-2.881733888159597,0.8590001696551388
1692188732495742229,1699,34199000000,18.18971461958548,-2.8875355377559644,0.859000169655139
1692188732495799221,1700,34219000000,18.171457623561768,-2.893337013438216,0.8590001696551393
1692188732556042406,1701,34239000000,18.153200568086568,-2.8991383152025483,0.8590001696551395
1692188732556087650,1702,34259000000,18.13494345316035,-2.9049394430451563,0.8590001696551396
1692188732556124823,1703,34279000000,18.11668627878361,-2.9107403969622347,0.8590001696551398
1692188732615688652,1704,34299000000,18.09846603752742,-2.916649173479458,0.8590001696554955
1692188732615718249,1705,34319000000,18.080355081062564,-2.922938666210838,0.8590012694989524
1692188732615730558,1706,34339000000,18.062270729065087,-2.929397853014069,0.8589995769356239
1692188732615801254,1707,34359000000,18.04432124905368,-2.936181793999034,0.8590002327339774
1692188732665618750,1708,34379000000,18.02650583416281,-2.9433341028866344,0.8590001892407181
1692188732665652775,1709,34399000000,18.008846957912855,-2.950795712610081,0.8589956087548791
1692188732669839623,1710,34419000000,17.991342015073922,-2.9586163021035747,0.8590002528817855
1692188732681221052,1711,34439000000,17.974002415982294,-2.9667666783714286,0.8590001695621773
1692188732735546466,1712,34459000000,17.95685144199762,-2.975211556817148,0.8590001695645929
1692188732785538987,1713,34479000000,17.939882088640807,-2.984002650753085,0.8590001695668052
1692188732785555236,1714,34499000000,17.923122144226113,-2.9931510465400426,0.8590001696511378
1692188732785561210,1715,34519000000,17.906575089463004,-3.002645775636911,0.859000169650727
1692188732785565235,1716,34539000000,17.890074683705468,-3.0122318483029127,0.859000169647674
1692188732835780211,1717,34559000000,17.873756856376808,-3.02212317959506,0.8590001696473403
1692188732842580127,1718,34579000000,17.857523646205095,-3.0321490811424865,0.8590001696473164
1692188732885502175,1719,34599000000,17.84129641052548,-3.0421844186686733,0.8590001696473147
1692188732945765501,1720,34619000000,17.825069537573853,-3.052220328737177,0.8590001696473145
1692188732945811088,1721,34639000000,17.808842643833724,-3.062256205992817,0.8590001696473144
1692188732945884476,1722,34659000000,17.792615703120568,-3.072292009105816,0.8590001696473144
1692188732995772058,1723,34679000000,17.776388713646142,-3.082327735252875,0.8590001696473143
1692188732995825434,1724,34699000000,17.760161675287762,-3.092363384239569,0.8590001696473143
1692188732995869502,1725,34719000000,17.74393458803645,-3.102398956050955,0.8590001696473142
1692188732995875095,1726,34739000000,17.727707451891,-3.11243445068434,0.8590001696473141
1692188733055576812,1727,34759000000,17.71148026685072,-3.1224698681378658,0.8590001696473141
1692188733055604867,1728,34779000000,17.695253032914977,-3.132505208409736,0.859000169647314
1692188733055622427,1729,34799000000,17.67902575008311,-3.142540471498153,0.8590001696473138
1692188733079663832,1730,34819000000,17.662798418354505,-3.1525756574013224,0.8590001696473138
1692188733079686956,1731,34839000000,17.64657103772851,-3.1626107661174507,0.8590001696473137
1692188733125662456,1732,34859000000,17.63034360820447,-3.1726457976447424,0.8590001696473136
1692188733175750939,1733,34879000000,17.61411612978174,-3.1826807519814007,0.8590001696473136
1692188733175781004,1734,34899000000,17.597888602459683,-3.192715629125632,0.8590001696473135
1692188733175818889,1735,34919000000,17.58166102623766,-3.2027504290756394,0.8590001696473135
1692188733235522422,1736,34939000000,17.565433401115037,-3.212785151829629,0.8590001696473134
1692188733235550298,1737,34959000000,17.54920572709115,-3.222819797385806,0.8590001696473133
1692188733235574979,1738,34979000000,17.532978004165365,-3.2328543657423743,0.8590001696473133
1692188733295632454,1739,34999000000,17.516750232337042,-3.2428888568975385,0.8590001696473132
1692188733295667627,1740,35019000000,17.500522411605534,-3.252923270849502,0.8590001696473132
1692188733295842511,1741,35039000000,17.484294541970197,-3.2629576075964706,0.8590001696473131
1692188733297172277,1742,35059000000,17.46806662343039,-3.2729918671366494,0.859000169647313
1692188733355715572,1743,35079000000,17.451838655985462,-3.2830260494682424,0.859000169647313
1692188733415706837,1744,35099000000,17.435610639634785,-3.2930601545894533,0.8590001696473129
1692188733415762083,1745,35119000000,17.419382574377714,-3.303094182498487,0.8590001696473129
1692188733415769177,1746,35139000000,17.403154460213596,-3.3131281331935463,0.8590001696473127
1692188733415779977,1747,35159000000,17.386926297141784,-3.323162006672838,0.8590001696473126
1692188733465521696,1748,35179000000,17.370698085161653,-3.3331958029345645,0.8590001696473126
1692188733477661103,1749,35199000000,17.354469824272545,-3.34322952197693,0.8590001696473125
1692188733525585588,1750,35219000000,17.338241514473822,-3.35326316379814,0.8590001696473124
1692188733525610586,1751,35239000000,17.322013155764846,-3.363296728396397,0.8590001696473124
1692188733525624741,1752,35259000000,17.305784748144976,-3.3733302157699057,0.8590001696473123
1692188733525653428,1753,35279000000,17.28955629161356,-3.3833636259168705,0.8590001696473122
1692188733577150170,1754,35299000000,17.27332778616996,-3.393396958835496,0.8590001696473122
1692188733577199165,1755,35319000000,17.25709923181354,-3.403430214523986,0.8590001696473122
1692188733625598471,1756,35339000000,17.24087062854363,-3.413463392980543,0.8590001696473121
1692188733625629891,1757,35359000000,17.224641976359617,-3.4234964942033703,0.859000169647312
1692188733625683319,1758,35379000000,17.20841327526085,-3.433529518190674,0.8590001696473119
1692188733685555040,1759,35399000000,17.192051496355997,-3.443351360251002,0.8590001696478089
1692188733685573598,1760,35419000000,17.175602305383332,-3.453019166657165,0.8590001696470363
1692188733695028059,1761,35439000000,17.159049581548345,-3.462504501211735,0.8590001696467152
1692188733695056075,1762,35459000000,17.142286195300056,-3.4716231072524875,0.8590001696464554
1692188733745675600,1763,35479000000,17.12531231303884,-3.480356912177988,0.8590001696462273
1692188733795502111,1764,35499000000,17.108135923346435,-3.488700435814907,0.8590001696460288
1692188733795517106,1765,35519000000,17.090765622623138,-3.496649245821161,0.8590001696458599
1692188733795528224,1766,35539000000,17.073210135097334,-3.504199160086125,0.8590001696457208
1692188733845565061,1767,35559000000,17.05547827712182,-3.511346193438146,0.8590001695553118
1692188733845587975,1768,35579000000,17.037578951631673,-3.5180865558411885,0.8590001695530824
1692188733878645686,1769,35599000000,17.01952114260338,-3.524416653899696,0.8590001695508649
1692188733878659295,1770,35619000000,17.001313911404743,-3.5303330926443857,0.85900016954866
1692188733925525795,1771,35639000000,16.982966392249025,-3.535832677196903,0.8590001695464689
1692188733925546493,1772,35659000000,16.964487787777152,-3.540912414336235,0.8590001695442928
1692188733925551394,1773,35679000000,16.94588736460659,-3.545569513970748,0.8590001695421325
1692188733986123803,1774,35699000000,16.92717479218917,-3.5498069635851026,0.8590001696570039
1692188733986166001,1775,35719000000,16.908363092266757,-3.5537332950832345,0.8590001696567745
1692188734045516912,1776,35739000000,16.88946451460432,-3.557308183569048,0.8590002716379324
1692188734045543660,1777,35759000000,16.87047913360856,-3.560526562556029,0.8590002105193579
1692188734045578620,1778,35779000000,16.85142505123235,-3.5634694341165285,0.8590002020598693
1692188734045582678,1779,35799000000,16.83235797093731,-3.566194231154441,0.8590001984242623
1692188734105465233,1780,35819000000,16.813231757686008,-3.5683861776655905,0.8590003085153677
1692188734105487786,1781,35839000000,16.794093058464533,-3.5704909803017846,0.8590001996604981
1692188734105490030,1782,35859000000,16.77495354938458,-3.572592549613462,0.8590001996604195
1692188734130073130,1783,35879000000,16.755813931189348,-3.574693449584665,0.8590001996602425
1692188734136223039,1784,35899000000,16.736674273857023,-3.576794069457276,0.8590001996600972
1692188734185702148,1785,35919000000,16.71753458147428,-3.578894438079669,0.8590001996599603
1692188734245731113,1786,35939000000,16.698394854321606,-3.580994557439953,0.85900019965983
1692188734245761236,1787,35959000000,16.679255092419858,-3.5830944276722074,0.8590001996597059
1692188734245796738,1788,35979000000,16.660115295772016,-3.5851940487828418,0.8590001996595876
1692188734295621977,1789,35999000000,16.640975464379878,-3.587293420769453,0.8590001996594752
1692188734295655681,1790,36019000000,16.621835598245138,-3.589392543629004,0.8590001996593682
1692188734296025754,1791,36039000000,16.60269569736951,-3.5914914173583963,0.8590001996592664
1692188734296046219,1792,36059000000,16.583555761754717,-3.593590041954497,0.8590001996591698
1692188734345567999,1793,36079000000,16.564415791402475,-3.5956884174141788,0.8590001996590855
1692188734345594087,1794,36099000000,16.54527578631451,-3.597786543734276,0.8590001996590065
1692188734396413239,1795,36119000000,16.52613574649262,-3.599884420911566,0.8590001996589319
1692188734396444692,1796,36139000000,16.506995671938576,-3.601982048942816,0.8590001996588614
1692188734445611586,1797,36159000000,16.48785556265418,-3.604079427824774,0.8590001996587948
1692188734445631053,1798,36179000000,16.468715418641228,-3.606176557554162,0.8590001996587318
1692188734445635151,1799,36199000000,16.44957523990154,-3.608273438127685,0.8590001996586725
1692188734505502237,1800,36219000000,16.430435026436967,-3.6103700695420207,0.8590001996586165
1692188734505531748,1801,36239000000,16.411294778249346,-3.6124664517938263,0.8590001996585638
1692188734518358010,1802,36259000000,16.39215449534052,-3.614562584879738,0.8590001996585143
1692188734518371205,1803,36279000000,16.373014177712353,-3.616658468796365,0.8590001996584801
1692188734577597740,1804,36299000000,16.35387382536677,-3.618754103540301,0.8590001996585502
1692188734625584488,1805,36319000000,16.334733438305566,-3.620849489108095,0.859000199658621
1692188734625615971,1806,36339000000,16.315593016530634,-3.622944625496296,0.8590001996586921
1692188734625620617,1807,36359000000,16.296452560043875,-3.625039512701435,0.8590001996587636
1692188734625627232,1808,36379000000,16.277312068847227,-3.6271341507200217,0.8590001996588355
1692188734685643054,1809,36399000000,16.258171542942595,-3.629228539548545,0.8590001996589075
1692188734685692549,1810,36419000000,16.23903098233192,-3.631322679183474,0.8590001996589798
1692188734696858840,1811,36439000000,16.21989038701715,-3.633416569621261,0.859000199659052
1692188734696890922,1812,36459000000,16.20074975700025,-3.63551021085834,0.8590001996591246
1692188734755639894,1813,36479000000,16.18160909228318,-3.637603602891125,0.8590001996591969
1692188734755673453,1814,36499000000,16.162468392867915,-3.639696745716016,0.8590001996592692
1692188734805660687,1815,36519000000,16.143327658756455,-3.6417896393293874,0.8590001996593415
1692188734805701496,1816,36539000000,16.12418688995078,-3.6438822837276033,0.8590001996594137
1692188734805719993,1817,36559000000,16.105046086452912,-3.6459746789070047,0.8590001996594845
1692188734855556082,1818,36579000000,16.085905248264876,-3.648066824863917,0.8590001996595542
1692188734855574888,1819,36599000000,16.06676437538869,-3.6501587215946514,0.8590001996596238
1692188734876704022,1820,36619000000,16.047623467826398,-3.6522503690955057,0.8590001996596931
1692188734903182141,1821,36639000000,16.02848252558006,-3.654341767362765,0.859000199659762
1692188734945541535,1822,36659000000,16.009341548652163,-3.656432916392778,0.8590001996596955
1692188734995504233,1823,36679000000,15.990200537044458,-3.658523816181756,0.8590001996595088
1692188734995526770,1824,36699000000,15.971059490758922,-3.660614466725945,0.8590001996593267
1692188734995529806,1825,36719000000,15.95191840979764,-3.662704868021567,0.8590001996591489
1692188734995536612,1826,36739000000,15.93277729416268,-3.664795020064829,0.8590001996589754
1692188734995555305,1827,36759000000,15.913636143856134,-3.6668849228519194,0.859000199658806
1692188735045640532,1828,36779000000,15.894494958880124,-3.66897457637901,0.8590001996586407
1692188735074129926,1829,36799000000,15.87535373923675,-3.671063980642264,0.8590001996584794
1692188735115543613,1830,36819000000,15.856212484928124,-3.673153135637829,0.8590001996583219
1692188735115578099,1831,36839000000,15.837071195956373,-3.6752420413618383,0.8590001996581681
1692188735115590006,1832,36859000000,15.817929872323653,-3.677330697810412,0.859000199658018
1692188735165544672,1833,36879000000,15.798740934365751,-3.679220996114098,0.8590002012938535
1692188735165560944,1834,36899000000,15.779557957872758,-3.681385588872083,0.8590002018306434
1692188735171452309,1835,36919000000,15.760344163902923,-3.683359862774318,0.8590002260040905
1692188735202401525,1836,36939000000,15.741096589439234,-3.6852004427389233,0.8589991104351669
1692188735245626275,1837,36959000000,15.721818259650355,-3.686891056603618,0.8590001515241059
1692188735245676691,1838,36979000000,15.702511246082429,-3.6882505126760767,0.8589977030030016
1692188735245690933,1839,36999000000,15.683202637612656,-3.6892783960964906,0.859000169649808
1692188735295524077,1840,37019000000,15.66387945215522,-3.689975347908396,0.8590001696497784
1692188735295548285,1841,37039000000,15.644552884657212,-3.690338672162937,0.859000169649753
1692188735306818190,1842,37059000000,15.625228547852377,-3.690367323103089,0.859000169678828
1692188735352178832,1843,37079000000,15.60591217281495,-3.690059892886898,0.8590001696782068
1692188735395582621,1844,37099000000,15.586609548872916,-3.689415450987175,0.8590001696775864
1692188735395610282,1845,37119000000,15.567326514021824,-3.688433191784233,0.859000169676967
1692188735395655474,1846,37139000000,15.548068952439632,-3.687112423642665,0.8590001696763491
1692188735445595224,1847,37159000000,15.528842791237006,-3.685452576731132,0.8590001696757328
1692188735452218637,1848,37179000000,15.509653997034638,-3.6834532066352073,0.8590001696751187
1692188735505526679,1849,37199000000,15.490508572329448,-3.681113997587585,0.859000169674507
1692188735505552246,1850,37219000000,15.471412551644049,-3.6784347655700023,0.8590001696738983
1692188735505556393,1851,37239000000,15.45237199746146,-3.675415461289797,0.8590001696732931
1692188735505580620,1852,37259000000,15.43339299594915,-3.6720561730165153,0.8590001696726915
1692188735565726046,1853,37279000000,15.414481652477674,-3.668357129262585,0.8590001696720945
1692188735577283893,1854,37299000000,15.395644086940695,-3.6643187012919274,0.8590001696715022
1692188735625526911,1855,37319000000,15.376886428884523,-3.6599414054403097,0.8590001696709152
1692188735625549463,1856,37339000000,15.358214812456607,-3.655225905231748,0.8590001696703342
1692188735625576892,1857,37359000000,15.339635371100178,-3.650173013559161,0.8590001696697597
1692188735625588795,1858,37379000000,15.321074486759503,-3.6451665071794905,0.8590001696719687
1692188735685646921,1859,37399000000,15.302592895880744,-3.64006226485782,0.8590001696721535
1692188735685683978,1860,37419000000,15.284147928240207,-3.634839260415428,0.8590001696721677
1692188735696385958,1861,37439000000,15.26570552671564,-3.629607938493359,0.8590001696721692
1692188735696431172,1862,37459000000,15.2472632477891,-3.6243762194495104,0.8590001696721697
1692188735755509726,1863,37479000000,15.22882092370928,-3.619144646671864,0.8590001696721703
1692188735755532987,1864,37499000000,15.210378542974675,-3.613913257421773,0.8590001696721707
1692188735805592795,1865,37519000000,15.191936104797412,-3.60868205425779,0.8590001696721713
1692188735805621575,1866,37539000000,15.173493609124174,-3.603451037359065,0.8590001696721719
1692188735805668643,1867,37559000000,15.155051055952008,-3.598220206741606,0.8590001696721724
1692188735855617145,1868,37579000000,15.136608445281412,-3.5929895624102346,0.8590001696721729
1692188735855651525,1869,37599000000,15.118165777113129,-3.587759104369004,0.8590001696721734
1692188735874780028,1870,37619000000,15.09972305144791,-3.5825288326219185,0.8590001696721739
1692188735903394978,1871,37639000000,15.08128026828651,-3.577298747172973,0.8590001696721745
1692188735955759132,1872,37659000000,15.06283742762968,-3.572068848026169,0.859000169672175
1692188735955800841,1873,37679000000,15.044394529478184,-3.5668391351855044,0.8590001696721755
1692188735955908063,1874,37699000000,15.025951573832774,-3.5616096086549764,0.859000169672176
1692188736005488974,1875,37719000000,15.007508560694204,-3.556380268438584,0.8590001696721765
1692188736005504854,1876,37739000000,14.989065490063236,-3.551151114540324,0.8590001696721771
1692188736005514257,1877,37759000000,14.97062236194061,-3.5459221469641955,0.8590001696721776
1692188736065548332,1878,37779000000,14.952179176327094,-3.540693365714199,0.8590001696721781
1692188736065575619,1879,37799000000,14.933735933223446,-3.535464770794332,0.8590001696721786
1692188736085928230,1880,37819000000,14.91529263263041,-3.530236362208592,0.8590001696721791
1692188736085984820,1881,37839000000,14.896849274548751,-3.5250081399609807,0.8590001696721796
1692188736135559690,1882,37859000000,14.878405858979226,-3.5197801040554944,0.8590001696721802
1692188736185639574,1883,37879000000,14.859962385922588,-3.5145522544961314,0.8590001696721807
1692188736185684542,1884,37899000000,14.841518855379592,-3.5093245912868927,0.8590001696721812
1692188736185690223,1885,37919000000,14.823075267350996,-3.5040971144317767,0.8590001696721817
1692188736185705701,1886,37939000000,14.804631621837554,-3.498869823934782,0.8590001696721823
1692188736235722095,1887,37959000000,14.786187918840032,-3.4936427197999085,0.8590001696721827
1692188736245147031,1888,37979000000,14.76774415835918,-3.488415802031155,0.8590001696721833
1692188736285614102,1889,37999000000,14.749300340395754,-3.483189070632521,0.8590001696721838
1692188736285649011,1890,38019000000,14.730856464950506,-3.477962525608005,0.8590001696721843
1692188736285686416,1891,38039000000,14.7124125320242,-3.4727361669616075,0.8590001696721848
1692188736335518214,1892,38059000000,14.693968541617592,-3.467509994697326,0.8590001696721854
1692188736353214461,1893,38079000000,14.67552449373144,-3.4622840088191613,0.8590001696721858
1692188736405622089,1894,38099000000,14.6570803883665,-3.4570582093311133,0.8590001696721864
1692188736405656994,1895,38119000000,14.638636225523529,-3.451832596237182,0.859000169672187
1692188736405666347,1896,38139000000,14.62019200520328,-3.446607169541364,0.8590001696721875
1692188736455738475,1897,38159000000,14.60174772740652,-3.4413819292476613,0.859000169672188
1692188736455777462,1898,38179000000,14.583303392134004,-3.4361568753600737,0.8590001696721885
1692188736476084847,1899,38199000000,14.564858999386484,-3.4309320078826016,0.8590001696721891
1692188736476126050,1900,38219000000,14.54641454916472,-3.425707326819245,0.8590001696721895
1692188736525537551,1901,38239000000,14.52797004146947,-3.420482832174004,0.8590001696721901
1692188736525569001,1902,38259000000,14.5095254763015,-3.415258523950876,0.8590001696721906
1692188736525577059,1903,38279000000,14.491080853661558,-3.410034402153862,0.8590001696721911
1692188736575767303,1904,38299000000,14.472636173550406,-3.404810466786964,0.8590001696721916
1692188736575821818,1905,38319000000,14.4541914359688,-3.3995867178541794,0.8590001696721922
1692188736603632701,1906,38339000000,14.4357466409175,-3.3943631553595117,0.8590001696721927
1692188736603666403,1907,38359000000,14.41730178839726,-3.389139779306958,0.8590001696721932
1692188736645501635,1908,38379000000,14.398856878408845,-3.383916589700522,0.8590001696721937
1692188736645524513,1909,38399000000,14.380411910953017,-3.378693586544201,0.8590001696721943
1692188736695508200,1910,38419000000,14.36196688603052,-3.373470769841997,0.8590001696721947
1692188736695529348,1911,38439000000,14.34352180364213,-3.368248139597909,0.8590001696721953
1692188736745517508,1912,38459000000,14.325076663788597,-3.363025695815941,0.8590001696721958
1692188736745541827,1913,38479000000,14.306631466470677,-3.35780343850009,0.8590001696721963
1692188736795544820,1914,38499000000,14.28818621168913,-3.352581367654358,0.8590001696721968
1692188736795576281,1915,38519000000,14.269740899444724,-3.347359483282745,0.8590001696721974
1692188736795586968,1916,38539000000,14.251251519421196,-3.3422811148868563,0.8590001696715223
1692188736795637936,1917,38559000000,14.232677520042548,-3.3375027668511867,0.8590001696731504
1692188736845473745,1918,38579000000,14.214078248796229,-3.332839598436073,0.8590001696743914
1692188736881097569,1919,38599000000,14.195373019729198,-3.328577275853869,0.8590001696756338
1692188736925567931,1920,38619000000,14.176564429862903,-3.324740711310128,0.8590001696773699
1692188736925573021,1921,38639000000,14.157663794282657,-3.321265895810655,0.8590001696703112
1692188736925577496,1922,38659000000,14.13868143060005,-3.318029633127292,0.859000169671489
1692188736975522073,1923,38679000000,14.119627169540314,-3.315025896533429,0.8590001696714537
1692188736975543426,1924,38699000000,14.100512185357308,-3.312238387752185,0.8590001696688564
1692188736975548864,1925,38719000000,14.08133939943992,-3.309827592438322,0.8589950719519206
1692188737025579289,1926,38739000000,14.06213229476389,-3.307714750711888,0.8590001694595569
1692188737025611270,1927,38759000000,14.042885692512616,-3.305777907486451,0.8590001696578444
1692188737052153598,1928,38779000000,14.023611427445395,-3.304075827969347,0.8590001696595737
1692188737052183964,1929,38799000000,14.004314839872718,-3.3026637142266804,0.8590001696594576
1692188737095647495,1930,38819000000,13.98500254394574,-3.301586519800723,0.8590001696593613
1692188737095682473,1931,38839000000,13.96568037652371,-3.300841689752432,0.8590001696592758
1692188737145469712,1932,38859000000,13.946353957102108,-3.300430382519393,0.8590001696592005
1692188737145496954,1933,38879000000,13.927028956407334,-3.300353939080644,0.8590001696591357
1692188737195552010,1934,38899000000,13.907711109510176,-3.3006136167517206,0.8590001696590819
1692188737195571797,1935,38919000000,13.88840621442311,-3.301210567029605,0.8590001696590397
1692188737195604716,1936,38939000000,13.869120129754842,-3.3021458303173303,0.8590001696590093
1692188737195611474,1937,38959000000,13.84985877209223,-3.3034203318252904,0.8590001696589912
1692188737245509234,1938,38979000000,13.83062811313331,-3.305034877578777,0.859000169658986
1692188737277364503,1939,38999000000,13.81143417656806,-3.306990150471962,0.8590001696589941
1692188737335516434,1940,39019000000,13.792283034703877,-3.309286706378995,0.8590001696590159
1692188737335540627,1941,39039000000,13.77318080483382,-3.311924970338365,0.8590001696590522
1692188737335545206,1942,39059000000,13.754133645346888,-3.314905232827764,0.8590001696591032
1692188737335549266,1943,39079000000,13.735147751580785,-3.318227646147296,0.8590001696591696
1692188737385710497,1944,39099000000,13.716229351419138,-3.321892220929461,0.859000169659252
1692188737385788657,1945,39119000000,13.697384700636484,-3.325898822794838,0.8590001696593507
1692188737403495305,1946,39139000000,13.67862007799602,-3.3302471691726963,0.8590001696594665
1692188737403541271,1947,39159000000,13.659941780103194,-3.334936826293428,0.8590001696595998
1692188737458204862,1948,39179000000,13.641357281644396,-3.3399537500117207,0.8590001696544504
1692188737515605997,1949,39199000000,13.622876593027415,-3.345248451784838,0.8590001696070667
1692188737515637139,1950,39219000000,13.604505277007446,-3.350873193527758,0.8590001696711768
1692188737515663259,1951,39239000000,13.58625229193602,-3.35683004516799,0.8590002471452548
1692188737515677461,1952,39259000000,13.568119178463942,-3.363139201413936,0.858995882666557
1692188737515700828,1953,39279000000,13.5501185715445,-3.369823182714001,0.8589958053271122
1692188737575749692,1954,39299000000,13.532246329682522,-3.376869542925929,0.8589990168478062
1692188737578040557,1955,39319000000,13.51452303324547,-3.384317865825365,0.8589998220595338
1692188737625521347,1956,39339000000,13.496951158988136,-3.392004537374275,0.8590000782444622
1692188737625538520,1957,39359000000,13.47952476089616,-3.3999981197437124,0.8590001696723133
1692188737625546858,1958,39379000000,13.46227947252076,-3.4082557952909123,0.8590001696722053
1692188737675690532,1959,39399000000,13.445210149142197,-3.4168555744730917,0.8590001696720883
1692188737675809484,1960,39419000000,13.428340895290374,-3.4258265459579804,0.8590001696513619
1692188737686848342,1961,39439000000,13.411685551636513,-3.435140724686055,0.8590001696509336
1692188737695146846,1962,39459000000,13.395247134559094,-3.444816914252638,0.8590001696505307
1692188737745523770,1963,39479000000,13.379039484562648,-3.4548653939342957,0.8590001696501393
1692188737805598990,1964,39499000000,13.363071489535448,-3.4652822540860395,0.8590001696479386
1692188737805639484,1965,39519000000,13.34735124961687,-3.476062226512949,0.8590001696483307
1692188737805663574,1966,39539000000,13.331886697485762,-3.487199787366744,0.8590001696487513
1692188737805770624,1967,39559000000,13.316685639219234,-3.498689234270537,0.8590001696492002
1692188737855504033,1968,39579000000,13.3017557536764,-3.510524694072383,0.8590001696496773
1692188737868374438,1969,39599000000,13.286858351921303,-3.5224131535734653,0.8590001696502773
1692188737925530295,1970,39619000000,13.272212170039673,-3.5346094640689083,0.8590001696500295
1692188737925554720,1971,39639000000,13.25764554224364,-3.546899734402434,0.859000169650012
1692188737925576568,1972,39659000000,13.243084466683728,-3.559196529239088,0.8590001696500108
1692188737975594562,1973,39679000000,13.228523749859034,-3.571493745450854,0.8590001696500107
1692188737976870998,1974,39699000000,13.213963037327307,-3.5837909667049823,0.8590001696500106
1692188738025699594,1975,39719000000,13.199402304913454,-3.5960881646058334,0.8590001696500106
1692188738025788594,1976,39739000000,13.184841550968263,-3.608385337216199,0.8590001696500106
1692188738025794856,1977,39759000000,13.170280775378888,-3.620682484403429,0.8590001696500106
1692188738075652849,1978,39779000000,13.155719978137244,-3.632979606157948,0.8590001696500105
1692188738075678729,1979,39799000000,13.141159159242395,-3.6452767024785775,0.8590001696500105
1692188738075739282,1980,39819000000,13.1265983186939,-3.657573773364713,0.8590001696500104
1692188738125696547,1981,39839000000,13.112037456491349,-3.669870818815782,0.8590001696500104
1692188738125730378,1982,39859000000,13.09747657263434,-3.6821678388312207,0.8590001696500104
1692188738137243014,1983,39879000000,13.08291566712246,-3.694464833410464,0.8590001696500104
1692188738137290328,1984,39899000000,13.068354739955302,-3.7067618025529465,0.8590001696500102
1692188738186142517,1985,39919000000,13.05379379113246,-3.719058746258103,0.8590001696500102
1692188738186164242,1986,39939000000,13.039232820653517,-3.731355664525368,0.8590001696500102
1692188738235497114,1987,39959000000,13.024671828518072,-3.743652557354177,0.8590001696500101
1692188738238245070,1988,39979000000,13.01011081472572,-3.7559494247439646,0.8590001696500101
1692188738285624989,1989,39999000000,12.995549779276049,-3.768246266694163,0.85900016965001
1692188738285959942,1990,40019000000,12.980988722168645,-3.78054308320421,0.85900016965001
1692188738286027433,1991,40039000000,12.96642764340311,-3.7928398742735374,0.85900016965001
1692188738335598040,1992,40059000000,12.951866542979037,-3.805136639901584,0.85900016965001
1692188738362064954,1993,40079000000,12.937305420896012,-3.8174333800877807,0.8590001696500099
1692188738405662808,1994,40099000000,12.922744277153626,-3.829730094831564,0.8590001696500099
1692188738405704521,1995,40119000000,12.908183111751477,-3.842026784132367,0.8590001696500098
1692188738405748125,1996,40139000000,12.893621924689146,-3.854323447989625,0.8590001696500098
1692188738405752914,1997,40159000000,12.87906071596624,-3.866620086402773,0.8590001696500098
1692188738455679125,1998,40179000000,12.864499485582336,-3.878916699371244,0.8590001696500097
1692188738473401793,1999,40199000000,12.849938233537037,-3.8912132868944735,0.8590001696500097
1692188738515542583,2000,40219000000,12.83537695982993,-3.903509848971897,0.8590001696500096
1692188738515568433,2001,40239000000,12.820815664460609,-3.915806385602948,0.8590001696500096
1692188738515585182,2002,40259000000,12.806254347428665,-3.9281028967870615,0.8590001696500096
1692188738565627946,2003,40279000000,12.791693008733686,-3.940399382523671,0.8590001696500096
1692188738565643098,2004,40299000000,12.777131648375263,-3.952695842812211,0.8590001696500095
1692188738582905800,2005,40319000000,12.762570266353,-3.964992277652117,0.8590001696500095
1692188738582937745,2006,40339000000,12.74800886266648,-3.9772886870428223,0.8590001696500094
1692188738625612249,2007,40359000000,12.733447437315304,-3.989585070983762,0.8590001696500094
1692188738625656126,2008,40379000000,12.718885990299048,-4.001881429474371,0.8590001696500094
1692188738685758127,2009,40399000000,12.704324521617314,-4.014177762514084,0.8590001696500092
1692188738685805575,2010,40419000000,12.689763031269692,-4.026474070102333,0.8590001696500092
1692188738745689396,2011,40439000000,12.675201519255776,-4.038770352238554,0.8590001696500092
1692188738745725444,2012,40459000000,12.660639985575154,-4.051066608922182,0.8590001696500091
1692188738745745158,2013,40479000000,12.646078430227416,-4.063362840152649,0.8590001696500091
1692188738745759472,2014,40499000000,12.631516853212158,-4.075659045929393,0.859000169650009
1692188738805668603,2015,40519000000,12.616955254528971,-4.087955226251845,0.859000169650009
1692188738805716656,2016,40539000000,12.602393634177451,-4.100251381119439,0.859000169650009
1692188738805737362,2017,40559000000,12.587831992157188,-4.112547510531614,0.859000169650009
1692188738845148642,2018,40579000000,12.573270328467771,-4.124843614487801,0.8590001696500089
1692188738845177223,2019,40599000000,12.558708643108783,-4.137139692987431,0.8590001696500089
1692188738887603731,2020,40619000000,12.544146936079835,-4.149435746029945,0.8590001696500089
1692188738935473322,2021,40639000000,12.529585207380508,-4.161731773614773,0.8590001696500088
1692188738935508255,2022,40659000000,12.515023457010397,-4.17402777574135,0.8590001696500088
1692188738935516146,2023,40679000000,12.50046168496909,-4.186323752409111,0.8590001696500087
1692188738985580745,2024,40699000000,12.485899891256183,-4.198619703617489,0.8590001696500087
1692188738985595163,2025,40719000000,12.471338075871262,-4.210915629365919,0.8590001696500087
1692188738995249206,2026,40739000000,12.456776238813925,-4.223211529653836,0.8590001696500087
1692188738995284643,2027,40759000000,12.442214380083756,-4.235507404480672,0.8590001696500086
1692188739045519473,2028,40779000000,12.42765249968035,-4.247803253845862,0.8590001696500086
1692188739095472141,2029,40799000000,12.413090597603306,-4.260099077748838,0.8590001696500085
1692188739095479876,2030,40819000000,12.39852867385221,-4.272394876189039,0.8590001696500085
1692188739155767902,2031,40839000000,12.383966728426651,-4.284690649165896,0.8590001696500085
1692188739155842342,2032,40859000000,12.369404761326225,-4.296986396678844,0.8590001696500084
1692188739155850027,2033,40879000000,12.354842772550525,-4.309282118727317,0.8590001696500084
1692188739155957387,2034,40899000000,12.340280762099132,-4.321577815310749,0.8590001696500084
1692188739205787528,2035,40919000000,12.325718729971651,-4.3338734864285735,0.8590001696500082
1692188739205880258,2036,40939000000,12.311156676167668,-4.346169132080224,0.8590001696500082
1692188739208961020,2037,40959000000,12.296594600686769,-4.358464752265137,0.8590001696500082
1692188739257103062,2038,40979000000,12.282032503528557,-4.370760346982744,0.8590001696500081
1692188739305709197,2039,40999000000,12.26747038469262,-4.383055916232479,0.8590001696500081
1692188739305747087,2040,41019000000,12.252908244178544,-4.395351460013777,0.859000169650008
1692188739305754985,2041,41039000000,12.238346081985926,-4.407646978326072,0.859000169650008
1692188739305853098,2042,41059000000,12.223783898114354,-4.419942471168799,0.859000169650008
1692188739365515357,2043,41079000000,12.209221692563425,-4.43223793854139,0.8590001696500079
1692188739365540883,2044,41099000000,12.194659465332723,-4.444533380443279,0.8590001696500079
1692188739381282219,2045,41119000000,12.180097216421856,-4.456828796873904,0.8590001696500079
1692188739381318159,2046,41139000000,12.165534945830396,-4.469124187832692,0.8590001696500078
1692188739425518383,2047,41159000000,12.15097265355794,-4.481419553319084,0.8590001696500078
1692188739475617575,2048,41179000000,12.136410339604083,-4.493714893332509,0.8590001696500078
1692188739475633075,2049,41199000000,12.121848003968417,-4.506010207872403,0.8590001696500077
1692188739475640099,2050,41219000000,12.107285646650531,-4.5183054969382,0.8590001696500077
1692188739525643251,2051,41239000000,12.092723267650024,-4.530600760529331,0.8590001696500077
1692188739525697394,2052,41259000000,12.078160866966476,-4.54289599864523,0.8590001696500076
1692188739525712290,2053,41279000000,12.063598444599478,-4.5551912112853365,0.8590001696500076
1692188739585670931,2054,41299000000,12.049036000548636,-4.567486398449077,0.8590001696500076
1692188739585709349,2055,41319000000,12.034473534813529,-4.579781560135888,0.8590001696500075
1692188739597467493,2056,41339000000,12.019911047393755,-4.592076696345206,0.8590001696500075
1692188739597962580,2057,41359000000,12.005348538288905,-4.604371807076464,0.8590001696500074
1692188739655747269,2058,41379000000,11.990786007498569,-4.616666892329092,0.8590001696500074
1692188739655792624,2059,41399000000,11.97622345502234,-4.628961952102526,0.8590001696500074
1692188739705722958,2060,41419000000,11.961660880859805,-4.6412569863962005,0.8590001696500074
1692188739714117277,2061,41439000000,11.947098285010558,-4.653551995209551,0.8590001696500073
1692188739755640626,2062,41459000000,11.932535667474191,-4.665846978542008,0.8590001696500073
1692188739815657501,2063,41479000000,11.917973028250293,-4.678141936393004,0.8590001696500071
1692188739815674303,2064,41499000000,11.90341036733846,-4.690436868761978,0.8590001696500071
1692188739815680756,2065,41519000000,11.888847684738284,-4.702731775648359,0.8590001696500071
1692188739815701846,2066,41539000000,11.874284980449351,-4.715026657051582,0.859000169650007
1692188739815797659,2067,41559000000,11.85972225447126,-4.727321512971081,0.859000169650007
1692188739875578772,2068,41579000000,11.845159506803595,-4.73961634340629,0.859000169650007
1692188739875611296,2069,41599000000,11.830596737445951,-4.7519111483566405,0.8590001696500069
1692188739875657997,2070,41619000000,11.816033946397924,-4.764205927821568,0.8590001696500069
1692188739888645305,2071,41639000000,11.801471133659092,-4.7765006818005045,0.8590001696500069
1692188739895079326,2072,41659000000,11.78690829922906,-4.788795410292885,0.8590001696500068
1692188739935462441,2073,41679000000,11.772345443107412,-4.801090113298144,0.8590001696500068
1692188739995469730,2074,41699000000,11.757782565293745,-4.813384790815712,0.8590001696500067
1692188739995489595,2075,41719000000,11.743219665787644,-4.8256794428450265,0.8590001696500067
1692188740045684917,2076,41739000000,11.728656744588706,-4.837974069385518,0.8590001696500067
1692188740045724075,2077,41759000000,11.714093801696515,-4.85026867043662,0.8590001696500067
1692188740045739381,2078,41779000000,11.699530837110675,-4.862563245997768,0.8590001696500066
1692188740045753955,2079,41799000000,11.684967850830768,-4.874857796068393,0.8590001696500066
1692188740105610241,2080,41819000000,11.67040484285638,-4.88715232064793,0.8590001696500065
1692188740105662207,2081,41839000000,11.655841813187116,-4.899446819735812,0.8590001696500065
1692188740105676100,2082,41859000000,11.64127876182256,-4.911741293331474,0.8590001696500065
1692188740138911339,2083,41879000000,11.626715688762305,-4.924035741434347,0.8590001696500064
1692188740138944644,2084,41899000000,11.612152594005948,-4.9363301640438655,0.8590001696500064
1692188740185512135,2085,41919000000,11.597589477553065,-4.94862456115946,0.8590001696500064
1692188740185536349,2086,41939000000,11.58302633940326,-4.96091893278057,0.8590001696500063
1692188740236135138,2087,41959000000,11.568463179556115,-4.973213278906626,0.8590001696500063
1692188740261156080,2088,41979000000,11.553899998011234,-4.985507599537062,0.8590001696500063
1692188740305674501,2089,41999000000,11.539336794768202,-4.9978018946713085,0.8590001696500061
1692188740305709127,2090,42019000000,11.524773569826609,-5.010096164308801,0.8590001696500061
1692188740305721138,2091,42039000000,11.510210323186048,-5.022390408448972,0.859000169650006
1692188740305759924,2092,42059000000,11.495647054846106,-5.0346846270912575,0.859000169650006
1692188740355619337,2093,42079000000,11.48108376480638,-5.0469788202350845,0.859000169650006
1692188740369260715,2094,42099000000,11.466520453066464,-5.059272987879893,0.859000169650006
1692188740415556048,2095,42119000000,11.45195711962594,-5.071567130025114,0.8590001696500059
1692188740415585714,2096,42139000000,11.437393764484405,-5.083861246670182,0.8590001696500059
1692188740415712717,2097,42159000000,11.422830387641444,-5.096155337814527,0.8590001696500058
1692188740415748653,2098,42179000000,11.408266989096662,-5.108449403457585,0.8590001696500058
1692188740476385469,2099,42199000000,11.393703568849638,-5.120743443598788,0.8590001696500058
1692188740476424160,2100,42219000000,11.379140126899966,-5.133037458237569,0.8590001696500058
1692188740525611497,2101,42239000000,11.364576663247238,-5.145331447373358,0.8590001696500057
1692188740525623623,2102,42259000000,11.350013177891045,-5.157625411005593,0.8590001696500057
1692188740575680030,2103,42279000000,11.33544967083098,-5.169919349133706,0.8590001696500056
1692188740575801922,2104,42299000000,11.320886142066634,-5.182213261757132,0.8590001696500056
1692188740575837595,2105,42319000000,11.306322591597596,-5.194507148875302,0.8590001696500056
1692188740625680115,2106,42339000000,11.291759019423464,-5.206801010487648,0.8590001696500055
1692188740625706305,2107,42359000000,11.277195425543816,-5.219094846593606,0.8590001696500055
1692188740641468277,2108,42379000000,11.262631809958256,-5.231388657192605,0.8590001696500055
1692188740641489057,2109,42399000000,11.24806817266637,-5.24368244228408,0.8590001696500054
1692188740685733921,2110,42419000000,11.23350451366774,-5.255976201867465,0.8590001696500054
1692188740685760231,2111,42439000000,11.218940832961978,-5.268269935942194,0.8590001696500053
1692188740745790409,2112,42459000000,11.204377130548664,-5.280563644507696,0.8590001696500053
1692188740755157780,2113,42479000000,11.189813406427383,-5.292857327563406,0.8590001696500053
1692188740805508568,2114,42499000000,11.175249660597736,-5.30515098510876,0.8590001696500053
1692188740805535198,2115,42519000000,11.160685893059313,-5.317444617143186,0.8590001696500051
1692188740805565647,2116,42539000000,11.146122103811694,-5.329738223666122,0.8590001696500051
1692188740805588079,2117,42559000000,11.131558292854487,-5.3420318046769975,0.8590001696500051
1692188740855602453,2118,42579000000,11.11699446018727,-5.354325360175249,0.859000169650005
1692188740874602352,2119,42599000000,11.102430605809635,-5.366618890160305,0.859000169650005
1692188740915630736,2120,42619000000,11.087866729721185,-5.378912394631602,0.8590001696500049
1692188740915655479,2121,42639000000,11.0733028319215,-5.391205873588571,0.8590001696500049
1692188740915669190,2122,42659000000,11.058738912410176,-5.403499327030645,0.8590001696500049
1692188740965519352,2123,42679000000,11.044174971186798,-5.415792754957258,0.8590001696500048
1692188740965540116,2124,42699000000,11.029611008250964,-5.428086157367843,0.8590001696500048
1692188740985123329,2125,42719000000,11.015047023602262,-5.440379534261831,0.8590001696500048
1692188740985148419,2126,42739000000,11.000483017240285,-5.452672885638656,0.8590001696500047
1692188741035651932,2127,42759000000,10.985918989164617,-5.4649662114977495,0.8590001696500047
1692188741035688476,2128,42779000000,10.97135493937486,-5.477259511838543,0.8590001696500047
1692188741085921434,2129,42799000000,10.9567908678706,-5.489552786660476,0.8590001696500046
1692188741085952295,2130,42819000000,10.94222677465143,-5.501846035962976,0.8590001696500046
1692188741135539029,2131,42839000000,10.927662659716937,-5.514139259745475,0.8590001696500046
1692188741135578777,2132,42859000000,10.913098523066711,-5.5264324580074105,0.8590001696500045
1692188741135610528,2133,42879000000,10.898534364700357,-5.538725630748212,0.8590001696500045
1692188741135654450,2134,42899000000,10.883970184617445,-5.551018777967313,0.8590001696500045
1692188741185524522,2135,42919000000,10.86940598281758,-5.563311899664146,0.8590001696500044
1692188741203672052,2136,42939000000,10.854841759300344,-5.575604995838145,0.8590001696500044
1692188741245589921,2137,42959000000,10.840266131145338,-5.587884687008736,0.859000169650965
1692188741245619418,2138,42979000000,10.825371733720754,-5.599781258833681,0.8590001696497706
1692188741245631952,2139,42999000000,10.810488479466088,-5.611676037410263,0.8590001696492076
1692188741295727716,2140,43019000000,10.795359569718286,-5.623259174830204,0.8590001696487504
1692188741295760067,2141,43039000000,10.779966822091016,-5.634494236302611,0.8590001696483268
1692188741312970520,2142,43059000000,10.764316276873926,-5.645373329784364,0.859000169647932
1692188741314996239,2143,43079000000,10.748415710332887,-5.655890714087883,0.8590001696475661
1692188741362232129,2144,43099000000,10.732273127045204,-5.666040960089456,0.8590001696472289
1692188741405765652,2145,43119000000,10.715896656226546,-5.675818825534779,0.8590001696469207
1692188741405801167,2146,43139000000,10.699294541195115,-5.685219248726792,0.8590001696466417
1692188741405814880,2147,43159000000,10.682475134957574,-5.694237350380461,0.8590001696463921
1692188741455655360,2148,43179000000,10.66544689614986,-5.702868435962062,0.8590001696461719
1692188741474109930,2149,43199000000,10.648218384953095,-5.711107997979247,0.8590001696459812
1692188741515610412,2150,43219000000,10.630798258961168,-5.718951718183799,0.8590001696458202
1692188741515661613,2151,43239000000,10.613195269092673,-5.726395469701789,0.8590001696455963
1692188741515672497,2152,43259000000,10.595418255053074,-5.733435318978957,0.8590001696454918
1692188741575737359,2153,43279000000,10.577476141356907,-5.740067527818941,0.8590001696454169
1692188741575762607,2154,43299000000,10.559377933080992,-5.746288555141161,0.8590001696453721
1692188741575776652,2155,43319000000,10.541132711284908,-5.752095058733427,0.8590001696453572
1692188741635480415,2156,43339000000,10.522749628708745,-5.757483896897293,0.8590001696453722
1692188741635499742,2157,43359000000,10.50423790534635,-5.762452129990398,0.8590001696454171
1692188741675091342,2158,43379000000,10.485689374264895,-5.767317973821414,0.8590001696451643
1692188741675159328,2159,43399000000,10.467042506502995,-5.771841549978816,0.8590001696455514
1692188741675188777,2160,43419000000,10.448355037396851,-5.776210914084397,0.8590001696455793
1692188741687143530,2161,43439000000,10.429664665040637,-5.780569108423561,0.8590001696455812
1692188741696556706,2162,43459000000,10.410974044036877,-5.784926344998732,0.8590001696455815
1692188741745562122,2163,43479000000,10.392283356474652,-5.7892833251597695,0.8590001696455815
1692188741795541193,2164,43499000000,10.373592614851498,-5.793640097041326,0.8590001696455816
1692188741795564408,2165,43519000000,10.35490182002628,-5.797996663943225,0.8590001696455816
1692188741845604279,2166,43539000000,10.336210972059073,-5.802353026088003,0.8590001696455816
1692188741845612142,2167,43559000000,10.31752007095512,-5.806709183486977,0.8590001696455817
1692188741845616743,2168,43579000000,10.298829116715922,-5.811065136136968,0.8590001696455817
1692188741845652760,2169,43599000000,10.280138109342696,-5.815420884033806,0.8590001696455818
1692188741905650846,2170,43619000000,10.26144704883666,-5.81977642717325,0.8590001696455818
1692188741905692493,2171,43639000000,10.24275593519902,-5.824131765551052,0.8590001696455818
1692188741905700831,2172,43659000000,10.224064768430985,-5.828486899162972,0.8590001696455819
1692188741943410267,2173,43679000000,10.205373548533764,-5.832841828004761,0.8590001696455819
1692188741943444734,2174,43699000000,10.18668227550857,-5.837196552072171,0.859000169645582
1692188741995504897,2175,43719000000,10.167990949356614,-5.841551071360959,0.859000169645582
1692188741995525403,2176,43739000000,10.149299570079105,-5.845905385866876,0.859000169645582
1692188742045519120,2177,43759000000,10.130608137677251,-5.850259495585679,0.8590001696455821
1692188742045540093,2178,43779000000,10.111916652152273,-5.854613400513121,0.8590001696455821
1692188742105504817,2179,43799000000,10.093225113505367,-5.858967100644954,0.8590001696455822
1692188742105522301,2180,43819000000,10.074533521737754,-5.863320595976936,0.8590001696455822
1692188742105532450,2181,43839000000,10.055841876850645,-5.867673886504815,0.8590001696455822
1692188742105538381,2182,43859000000,10.037150178845245,-5.87202697222435,0.8590001696455822
1692188742155553669,2183,43879000000,10.01845842772277,-5.876379853131289,0.8590001696455823
1692188742155578544,2184,43899000000,9.999766623484431,-5.88073252922139,0.8590001696455823
1692188742169307481,2185,43919000000,9.981074766131435,-5.885085000490408,0.8590001696455825
1692188742194997156,2186,43939000000,9.962382855665002,-5.889437266934089,0.8590001696455825
1692188742245737952,2187,43959000000,9.94369089208634,-5.893789328548194,0.8590001696455826
1692188742245801614,2188,43979000000,9.924998875396652,-5.898141185328473,0.8590001696455826
1692188742245816891,2189,43999000000,9.906306805597165,-5.902492837270682,0.8590001696455826
1692188742295569648,2190,44019000000,9.887614682689076,-5.906844284370569,0.8590001696455827
1692188742295592983,2191,44039000000,9.868922506673613,-5.9111955266238905,0.8590001696455827
1692188742328580650,2192,44059000000,9.850230277551976,-5.915546564026401,0.8590001696455827
1692188742328612353,2193,44079000000,9.83153799532538,-5.919897396573853,0.8590001696455828
1692188742385530163,2194,44099000000,9.812845659995038,-5.924248024261997,0.8590001696455828
1692188742385551343,2195,44119000000,9.794153271562164,-5.928598447086588,0.8590001696455829
1692188742435526627,2196,44139000000,9.77546083002797,-5.932948665043379,0.8590001696455829
1692188742435553492,2197,44159000000,9.756768335393671,-5.937298678128124,0.8590001696455829
1692188742435564935,2198,44179000000,9.738075787660472,-5.941648486336571,0.859000169645583
1692188742495580142,2199,44199000000,9.719383186829592,-5.945998089664478,0.859000169645583
1692188742495609057,2200,44219000000,9.700690532902238,-5.950347488107597,0.8590001696455831
1692188742497045363,2201,44239000000,9.681997825879632,-5.9546966816616775,0.8590001696455831
1692188742497071877,2202,44259000000,9.663305065762982,-5.959045670322474,0.8590001696455831
1692188742545538863,2203,44279000000,9.644612252553504,-5.963394454085739,0.8590001696455832
1692188742545569447,2204,44299000000,9.625919386252408,-5.967743032947227,0.8590001696455832
1692188742595679138,2205,44319000000,9.607226466860912,-5.972091406902689,0.8590001696455833
1692188742595742068,2206,44339000000,9.588533494380227,-5.976439575947878,0.8590001696455833
1692188742645573907,2207,44359000000,9.56984046881157,-5.980787540078546,0.8590001696455833
1692188742666391114,2208,44379000000,9.551147390156151,-5.9851352992904445,0.8590001696455833
1692188742715658451,2209,44399000000,9.532454258415187,-5.989482853579328,0.8590001696455835
1692188742715672949,2210,44419000000,9.513761073589892,-5.993830202940945,0.8590001696455835
1692188742715677418,2211,44439000000,9.49506783568148,-5.99817734737105,0.8590001696455836
1692188742715694139,2212,44459000000,9.476374544691163,-6.002524286865397,0.8590001696455836
1692188742765595775,2213,44479000000,9.457681200620156,-6.006871021419736,0.8590001696455837
1692188742765604672,2214,44499000000,9.438987803469676,-6.011217551029819,0.8590001696455837
1692188742774238963,2215,44519000000,9.42029435324094,-6.015563875691397,0.8590001696455838
1692188742803148030,2216,44539000000,9.401600849935154,-6.019909995400222,0.8590001696455838
1692188742845655821,2217,44559000000,9.382907293553544,-6.024255910152048,0.8590001696455838
1692188742895506593,2218,44579000000,9.36421368409732,-6.028601619942626,0.8590001696455839
1692188742895519378,2219,44599000000,9.345520021567694,-6.032947124767711,0.8590001696455839
1692188742895765791,2220,44619000000,9.326826305965882,-6.037292424623048,0.8590001696455839
1692188742895776499,2221,44639000000,9.308132537293108,-6.041637519504391,0.859000169645584
1692188742945537433,2222,44659000000,9.289438715550578,-6.045982409407492,0.859000169645584
1692188742945567396,2223,44679000000,9.270744840739509,-6.050327094328106,0.859000169645584
1692188742964154156,2224,44699000000,9.252050912861122,-6.054671574261982,0.8590001696455841
1692188742964183776,2225,44719000000,9.233356931916637,-6.059015849204871,0.8590001696455841
1692188743005517016,2226,44739000000,9.214662897907251,-6.063359919152521,0.8590001696455841
1692188743005535685,2227,44759000000,9.195968810834197,-6.067703784100691,0.8590001696455842
1692188743055540177,2228,44779000000,9.17727467069869,-6.072047444045127,0.8590001696455842
1692188743061404093,2229,44799000000,9.158580477501935,-6.076390898981582,0.8590001696455843
1692188743115530113,2230,44819000000,9.13988623124516,-6.080734148905806,0.8590001696455843
1692188743115560451,2231,44839000000,9.121191931929571,-6.085077193813551,0.8590001696455845
1692188743115587723,2232,44859000000,9.102497579556395,-6.089420033700569,0.8590001696455845
1692188743175586696,2233,44879000000,9.08380317412685,-6.093762668562611,0.8590001696455845
1692188743175626591,2234,44899000000,9.06510871564214,-6.098105098395428,0.8590001696455846
1692188743175638319,2235,44919000000,9.046414204103492,-6.1024473231947685,0.8590001696455846
1692188743215504382,2236,44939000000,9.027719639512124,-6.106789342956385,0.8590001696455847
1692188743215530709,2237,44959000000,9.009025021869244,-6.1111311576760325,0.8590001696455847
1692188743250480886,2238,44979000000,8.99033035117608,-6.115472767349456,0.8590001696455847
1692188743250504013,2239,44999000000,8.971635627433843,-6.119814171972409,0.8590001696455847
1692188743295705892,2240,45019000000,8.952940850643756,-6.12415537154064,0.8590001696455848
1692188743295773924,2241,45039000000,8.934246020807032,-6.128496366049903,0.8590001696455848
1692188743345575047,2242,45059000000,8.915551137924886,-6.132837155495946,0.8590001696455849
1692188743346215833,2243,45079000000,8.89685620199854,-6.137177739874519,0.8590001696455849
1692188743395509353,2244,45099000000,8.878161213029212,-6.141518119181376,0.859000169645585
1692188743395532047,2245,45119000000,8.859466171018122,-6.145858293412263,0.859000169645585
1692188743395545601,2246,45139000000,8.840771075966488,-6.150198262562936,0.859000169645585
1692188743445788013,2247,45159000000,8.822075927875526,-6.15453802662914,0.8590001696455851
1692188743445824622,2248,45179000000,8.803380726746454,-6.158877585606629,0.8590001696455851
1692188743466339538,2249,45199000000,8.78468547258049,-6.163216939491148,0.8590001696455852
1692188743466355382,2250,45219000000,8.765990165378856,-6.167556088278455,0.8590001696455852
1692188743515576080,2251,45239000000,8.747294805142769,-6.171895031964295,0.8590001696455852
1692188743515602994,2252,45259000000,8.728599391873447,-6.176233770544419,0.8590001696455853
1692188743576008119,2253,45279000000,8.709903925572112,-6.180572304014579,0.8590001696455853
1692188743576050981,2254,45299000000,8.691208406239982,-6.184910632370522,0.8590001696455853
1692188743576086963,2255,45319000000,8.672512833878272,-6.189248755607999,0.8590001696455855
1692188743625711854,2256,45339000000,8.653817208488208,-6.193586673722758,0.8590001696455855
1692188743625744487,2257,45359000000,8.635121530071004,-6.197924386710555,0.8590001696455856
1692188743625749296,2258,45379000000,8.616425798627882,-6.202261894567134,0.8590001696455856
1692188743675734584,2259,45399000000,8.597730014160064,-6.206599197288248,0.8590001696455857
1692188743675778358,2260,45419000000,8.579034176668761,-6.2109362948696445,0.8590001696455857
1692188743703209383,2261,45439000000,8.560338286155204,-6.215273187307075,0.8590001696455857
1692188743703232537,2262,45459000000,8.541642342620607,-6.219609874596288,0.8590001696455858
1692188743745567964,2263,45479000000,8.522946346066195,-6.223946356733034,0.8590001696455858
1692188743745593421,2264,45499000000,8.50425029649318,-6.228282633713061,0.8590001696455858
1692188743795542916,2265,45519000000,8.485554193902788,-6.232618705532119,0.8590001696455859
1692188743795570038,2266,45539000000,8.46685803829624,-6.236954572185958,0.8590001696455859
1692188743845694533,2267,45559000000,8.448161829674754,-6.241290233670326,0.859000169645586
1692188743855251940,2268,45579000000,8.429465568039554,-6.245625689980972,0.859000169645586
1692188743895537441,2269,45599000000,8.410769253391853,-6.249960941113651,0.859000169645586
1692188743895562319,2270,45619000000,8.392072885732881,-6.254295987064104,0.8590001696455861
1692188743895564703,2271,45639000000,8.373376465063854,-6.258630827828085,0.8590001696455861
1692188743895577636,2272,45659000000,8.354679991385995,-6.262965463401342,0.8590001696455862
1692188743955501616,2273,45679000000,8.335983464700524,-6.267299893779627,0.8590001696455862
1692188743962050423,2274,45699000000,8.317286885008665,-6.271634118958684,0.8590001696455862
1692188744015496839,2275,45719000000,8.298590252311639,-6.275968138934264,0.8590001696455863
1692188744015530877,2276,45739000000,8.279893566610664,-6.280301953702115,0.8590001696455863
1692188744015541594,2277,45759000000,8.26119682790697,-6.284635563257989,0.8590001696455863
1692188744065684118,2278,45779000000,8.242500036201768,-6.28896896759763,0.8590001696455865
1692188744065726790,2279,45799000000,8.223803191496286,-6.293302166716792,0.8590001696455865
1692188744073586617,2280,45819000000,8.20510629379174,-6.297635160611217,0.8590001696455866
1692188744108165795,2281,45839000000,8.186409343089363,-6.301967949276658,0.8590001696455866
1692188744165618225,2282,45859000000,8.167712339390368,-6.306300532708864,0.8590001696455867
1692188744165655989,2283,45879000000,8.149015282695983,-6.3106329109035855,0.8590001696455867
1692188744165689533,2284,45899000000,8.130318173007428,-6.314965083856568,0.8590001696455867
1692188744165699695,2285,45919000000,8.111621010325926,-6.319297051563559,0.8590001696455868
1692188744225527649,2286,45939000000,8.0929237946527,-6.323628814020308,0.8590001696455868
1692188744225548950,2287,45959000000,8.074226525988973,-6.327960371222564,0.8590001696455869
1692188744225564068,2288,45979000000,8.055529204335969,-6.332291723166074,0.8590001696455869
1692188744281856912,2289,45999000000,8.036831829694904,-6.336622869846591,0.8590001696455869
1692188744281890997,2290,46019000000,8.01813440206701,-6.340953811259857,0.859000169645587
1692188744325551164,2291,46039000000,7.9994369214535075,-6.345284547401622,0.859000169645587
1692188744325617671,2292,46059000000,7.980739387855617,-6.349615078267635,0.859000169645587
1692188744375512556,2293,46079000000,7.962041801274563,-6.353945403853642,0.8590001696455871
1692188744375533416,2294,46099000000,7.9433441617115745,-6.358275524155393,0.8590001696455871
1692188744375536281,2295,46119000000,7.9246464691678655,-6.362605439168636,0.8590001696455871
1692188744425755191,2296,46139000000,7.905948723644671,-6.366935148889118,0.8590001696455872
1692188744425795734,2297,46159000000,7.887250925143207,-6.371264653312589,0.8590001696455872
1692188744452679650,2298,46179000000,7.8685530736647005,-6.375593952434794,0.8590001696455873
1692188744452704081,2299,46199000000,7.849855169210373,-6.3799230462514815,0.8590001696455873
1692188744505510705,2300,46219000000,7.831157211781453,-6.384251934758399,0.8590001696455875
1692188744505537556,2301,46239000000,7.81245920137916,-6.388580617951295,0.8590001696455875
1692188744505555539,2302,46259000000,7.793761138004723,-6.392909095825918,0.8590001696455876
1692188744555662291,2303,46279000000,7.775063021659363,-6.397237368378011,0.8590001696455876
1692188744557265810,2304,46299000000,7.756364852344304,-6.401565435603328,0.8590001696455876
1692188744605589625,2305,46319000000,7.737666630060779,-6.405893297497616,0.8590001696455876
1692188744605615304,2306,46339000000,7.7189683548100065,-6.410220954056616,0.8590001696455877
1692188744605635202,2307,46359000000,7.700270026593219,-6.414548405276079,0.8590001696455878
1692188744655550831,2308,46379000000,7.681571645411627,-6.418875651151755,0.8590001696455878
1692188744667318403,2309,46399000000,7.662873211266469,-6.423202691679387,0.8590001696455878
1692188744715522827,2310,46419000000,7.644174724158963,-6.427529526854722,0.8590001696455878
1692188744715563465,2311,46439000000,7.625476184090337,-6.431856156673511,0.8590001696455879
1692188744715575445,2312,46459000000,7.606777591061815,-6.436182581131498,0.8590001696455879
1692188744765560594,2313,46479000000,7.588078945074628,-6.44050880022443,0.859000169645588
1692188744765592877,2314,46499000000,7.569380246129995,-6.444834813948057,0.859000169645588
1692188744784838697,2315,46519000000,7.550681494229147,-6.4491606222981215,0.859000169645588
1692188744784863605,2316,46539000000,7.531982689373309,-6.453486225270376,0.8590001696455881
1692188744825574522,2317,46559000000,7.513283831563704,-6.457811622860562,0.8590001696455881
1692188744825601967,2318,46579000000,7.494584920801562,-6.462136815064427,0.8590001696455882
1692188744875612859,2319,46599000000,7.475885957088108,-6.4664618018777205,0.8590001696455882
1692188744875658580,2320,46619000000,7.457186940424568,-6.470786583296188,0.8590001696455882
1692188744925634210,2321,46639000000,7.438385750310621,-6.4747042262744605,0.8590001696457635
1692188744925686181,2322,46659000000,7.4195920886478754,-6.478644353456729,0.8590001696569145
1692188744975684007,2323,46679000000,7.400725646952153,-6.482397265957463,0.8589887036530303
1692188744975724077,2324,46699000000,7.381778681944938,-6.485749951266636,0.8589930595361714
1692188745025529795,2325,46719000000,7.362754494872537,-6.488814844781974,0.8589921016950444
1692188745025557821,2326,46739000000,7.343665462592261,-6.491593391108243,0.8589920895456475
1692188745025564381,2327,46759000000,7.324518795366262,-6.494034170450783,0.8589920671257137
1692188745025602111,2328,46779000000,7.305324495715363,-6.496117006327916,0.8589920423438007
1692188745085655468,2329,46799000000,7.286096173818788,-6.498007275571216,0.8590006506865576
1692188745085697881,2330,46819000000,7.2668229452220015,-6.4998024712853,0.8589976927223122
1692188745103122800,2331,46839000000,7.247541892988239,-6.501319416527264,0.8589985007262394
1692188745103152444,2332,46859000000,7.228232502774605,-6.502505824615768,0.8590001696822873
1692188745150964290,2333,46879000000,7.208911628857272,-6.503357667568133,0.8590001696804025
1692188745195621460,2334,46899000000,7.189585971675856,-6.503877871380855,0.8590001696797798
1692188745195685930,2335,46919000000,7.170259878028516,-6.504063838817233,0.8590001696791197
1692188745195701025,2336,46939000000,7.150939045797923,-6.503914377109383,0.8590001696784985
1692188745245571083,2337,46959000000,7.131629239683656,-6.503428315470407,0.8590001696778777
1692188745245596049,2338,46979000000,7.112336274956375,-6.502604801976921,0.8590001696772578
1692188745265365020,2339,46999000000,7.093066014506965,-6.501443089475667,0.8590001696766391
1692188745265414262,2340,47019000000,7.073824365697988,-6.499942550405112,0.859000169676022
1692188745305500965,2341,47039000000,7.054617277034078,-6.4981026810368885,0.8590001696754067
1692188745305523937,2342,47059000000,7.03545073462961,-6.495923104792306,0.8590001696747939
1692188745365472340,2343,47079000000,7.016330758459926,-6.493403575399904,0.8590001696741838
1692188745365491442,2344,47099000000,6.997263398396516,-6.490543979932386,0.8590001696735768
1692188745425538800,2345,47119000000,6.978254730029412,-6.487344341710922,0.8590001696729734
1692188745425571100,2346,47139000000,6.959310850281538,-6.483804823061056,0.8590001696723742
1692188745425607269,2347,47159000000,6.940437872821087,-6.47992572790414,0.8590001696717796
1692188745425636926,2348,47179000000,6.921641923279396,-6.475707504168107,0.8590001696711902
1692188745485724948,2349,47199000000,6.902929134283246,-6.471150746001494,0.8590001696706063
1692188745485760963,2350,47219000000,6.8843056402867004,-6.466256195863115,0.8590001696700287
1692188745492044965,2351,47239000000,6.865777692987586,-6.461024918599608,0.8590001696660023
1692188745495179112,2352,47259000000,6.8473594276911225,-6.455500529612877,0.8590001696618682
1692188745535629847,2353,47279000000,6.829056947925245,-6.449711714802456,0.8590001696054159
1692188745585500126,2354,47299000000,6.810887038333807,-6.443635969943367,0.8590001696438085
1692188745585517536,2355,47319000000,6.792853788405663,-6.437207119322735,0.859000169643853
1692188745645615892,2356,47339000000,6.774974307652174,-6.430382676605718,0.8590001696439056
1692188745645649746,2357,47359000000,6.757258305857614,-6.423162393272653,0.8590001696439702
1692188745645656900,2358,47379000000,6.739714014482379,-6.415550102597276,0.8590001696440472
1692188745645701036,2359,47399000000,6.722349437403444,-6.407550087565587,0.8590001696441364
1692188745705581963,2360,47419000000,6.705172437734219,-6.399166832087916,0.8590001696442378
1692188745705645156,2361,47439000000,6.688186507782215,-6.390401468413479,0.8590001696643942
1692188745705656242,2362,47459000000,6.671399310887698,-6.3812375037059015,0.8590001696630928
1692188745729988654,2363,47479000000,6.654819663452132,-6.371710415146939,0.8590001696583041
1692188745735472046,2364,47499000000,6.638457317810058,-6.361853431622,0.8590001696565527
1692188745785446882,2365,47519000000,6.622319581030384,-6.351673864876975,0.8590001696547578
1692188745845711350,2366,47539000000,6.6064160991647904,-6.341159968453685,0.8590001696581705
1692188745845756825,2367,47559000000,6.590758635802471,-6.33029062998645,0.8590001696573006
1692188745845785199,2368,47579000000,6.575358496858216,-6.3190655458065965,0.8590001696564582
1692188745895579351,2369,47599000000,6.560223739786856,-6.307490041382712,0.8590001696556426
1692188745895622194,2370,47619000000,6.545362031434489,-6.295570003335056,0.8590001696548543
1692188745895627605,2371,47639000000,6.530780888480509,-6.283311511512073,0.8590001696541097
1692188745895670483,2372,47659000000,6.516487691042592,-6.270720811498193,0.8590001696534294
1692188745945694514,2373,47679000000,6.502489680310328,-6.257804309963442,0.8590001696527751
1692188745945732527,2374,47699000000,6.488793955116893,-6.244568571474198,0.8590001696521472
1692188745975482097,2375,47719000000,6.475407468499362,-6.231020315330458,0.8590001696515459
1692188745979144536,2376,47739000000,6.46233702432293,-6.217166412334834,0.8590001696509716
1692188746035624945,2377,47759000000,6.449589273976064,-6.20301388148813,0.8590001696504244
1692188746095724351,2378,47779000000,6.437083320466093,-6.188643499204575,0.8590001696490976
1692188746095756435,2379,47799000000,6.424629641458513,-6.174215836719138,0.8590001696497385
1692188746095792654,2380,47819000000,6.412447487056964,-6.159557901570596,0.8590001696497965
1692188746095798375,2381,47839000000,6.400287396284052,-6.1448814978143,0.8590001696498005
1692188746145536314,2382,47859000000,6.388128841302284,-6.130203810255802,0.8590001696498007
1692188746156396865,2383,47879000000,6.375970417656929,-6.115526012921901,0.8590001696498007
1692188746205502459,2384,47899000000,6.363812029548559,-6.100848185885371,0.8590001696498006
1692188746205512578,2385,47919000000,6.351653670443648,-6.086170334607198,0.8590001696498006
1692188746205525140,2386,47939000000,6.339495339897164,-6.07149245945944,0.8590001696498006
1692188746205604444,2387,47959000000,6.327337037879354,-6.056814560467061,0.8590001696498005
1692188746255491901,2388,47979000000,6.315178764388776,-6.042136637631352,0.8590001696498005
1692188746277713032,2389,47999000000,6.303020519425928,-6.027458690951989,0.8590001696498004
1692188746325499908,2390,48019000000,6.290862302991438,-6.012780720428538,0.8590001696498004
1692188746325519031,2391,48039000000,6.278704115085939,-5.998102726060555,0.8590001696498004
1692188746325542388,2392,48059000000,6.266545955710074,-5.983424707847599,0.8590001696498003
1692188746385492025,2393,48079000000,6.254387824864475,-5.968746665789223,0.8590001696498003
1692188746385515570,2394,48099000000,6.242229722549782,-5.954068599884993,0.8590001696498002
1692188746385537629,2395,48119000000,6.230071648766634,-5.93939051013446,0.8590001696498002
1692188746435512289,2396,48139000000,6.217913603515667,-5.924712396537183,0.8590001696498002
1692188746435536270,2397,48159000000,6.2057555867975145,-5.910034259092722,0.8590001696498001
1692188746446667195,2398,48179000000,6.193597598612819,-5.8953560978006285,0.8590001696498001
1692188746446693065,2399,48199000000,6.181439638962215,-5.880677912660464,0.8590001696498
1692188746505496459,2400,48219000000,6.1692817078463404,-5.865999703671784,0.8590001696498
1692188746505514995,2401,48239000000,6.157123805265833,-5.851321470834146,0.8590001696498
1692188746505517970,2402,48259000000,6.144965931221331,-5.836643214147109,0.8590001696497999
1692188746555548649,2403,48279000000,6.132808085713471,-5.82196493361023,0.8590001696497999
1692188746569798052,2404,48299000000,6.120650268742893,-5.807286629223066,0.8590001696497999
1692188746615477242,2405,48319000000,6.1084924803102325,-5.792608300985173,0.8590001696497997
1692188746615505894,2406,48339000000,6.096334720416126,-5.77792994889611,0.8590001696497997
1692188746615520067,2407,48359000000,6.084176989061213,-5.763251572955434,0.8590001696497997
1692188746665536301,2408,48379000000,6.072019286246128,-5.748573173162702,0.8590001696497996
1692188746665556703,2409,48399000000,6.059861611971511,-5.73389474951747,0.8590001696497996
1692188746682389850,2410,48419000000,6.047703966238001,-5.719216302019298,0.8590001696497995
1692188746682415075,2411,48439000000,6.035546349046235,-5.704537830667744,0.8590001696497995
1692188746725576395,2412,48459000000,6.023388760396845,-5.689859335462363,0.8590001696497995
1692188746725605032,2413,48479000000,6.011231200290474,-5.6751808164027135,0.8590001696497994
1692188746785631145,2414,48499000000,5.99907366872776,-5.660502273488349,0.8590001696497994
1692188746785667447,2415,48519000000,5.98691616570934,-5.645823706718831,0.8590001696497993
1692188746845644378,2416,48539000000,5.974758691235849,-5.631145116093715,0.8590001696497993
1692188746845683030,2417,48559000000,5.962601245307928,-5.61646650161256,0.8590001696497993
1692188746845709003,2418,48579000000,5.950443827926211,-5.601787863274921,0.8590001696497992
1692188746905493573,2419,48599000000,5.938286439091339,-5.587109201080357,0.8590001696497992
1692188746905513159,2420,48619000000,5.926129078803952,-5.5724305150284215,0.8590001696497991
1692188746905518291,2421,48639000000,5.91397174706468,-5.557751805118677,0.8590001696497991
1692188746905521775,2422,48659000000,5.901814443874168,-5.543073071350678,0.859000169649799
1692188746965643069,2423,48679000000,5.889657169233048,-5.528394313723982,0.859000169649799
1692188746965684074,2424,48699000000,5.877499923141961,-5.5137155322381455,0.859000169649799
1692188746976096138,2425,48719000000,5.865342705601546,-5.499036726892727,0.859000169649799
1692188746976111664,2426,48739000000,5.85318551661244,-5.484357897687284,0.8590001696497989
1692188747035602469,2427,48759000000,5.841028356175279,-5.4696790446213726,0.8590001696497989
1692188747035637980,2428,48779000000,5.8288712242907,-5.455000167694552,0.8590001696497989
1692188747085515322,2429,48799000000,5.816714120959347,-5.440321266906377,0.8590001696497988
1692188747085540373,2430,48819000000,5.804557046181851,-5.425642342256405,0.8590001696497988
1692188747145816173,2431,48839000000,5.792399999958853,-5.4109633937441926,0.8590001696497986
1692188747145852290,2432,48859000000,5.78024298229099,-5.396284421369297,0.8590001696497986
1692188747145967170,2433,48879000000,5.768085993178903,-5.381605425131276,0.8590001696497986
1692188747195672157,2434,48899000000,5.755929032623226,-5.366926405029689,0.8590001696497985
1692188747195698774,2435,48919000000,5.743772100624598,-5.352247361064089,0.8590001696497985
1692188747195705377,2436,48939000000,5.731615197183658,-5.337568293234038,0.8590001696497984
1692188747195973213,2437,48959000000,5.719458322301045,-5.3228892015390885,0.8590001696497984
1692188747255556721,2438,48979000000,5.707301475977396,-5.308210085978799,0.8590001696497984
1692188747278181326,2439,48999000000,5.695144658213347,-5.293530946552729,0.8590001696497983
1692188747325579716,2440,49019000000,5.682987869009537,-5.278851783260432,0.8590001696497983
1692188747325615277,2441,49039000000,5.670831108366605,-5.264172596101467,0.8590001696497982
1692188747325619973,2442,49059000000,5.658674376285188,-5.249493385075392,0.8590001696497982
1692188747385714492,2443,49079000000,5.646517672765928,-5.234814150181763,0.8590001696497982
1692188747385746355,2444,49099000000,5.634360997809456,-5.220134891420134,0.8590001696497981
1692188747385772575,2445,49119000000,5.622204351416415,-5.205455608790066,0.8590001696497981
1692188747385775941,2446,49139000000,5.610047733587443,-5.190776302291115,0.859000169649798
1692188747445671587,2447,49159000000,5.597891144323176,-5.17609697192284,0.859000169649798
1692188747451108246,2448,49179000000,5.585734583624256,-5.161417617684795,0.859000169649798
1692188747505537883,2449,49199000000,5.573578051491316,-5.146738239576538,0.8590001696497979
1692188747505559474,2450,49219000000,5.5614215479249935,-5.132058837597629,0.8590001696497979
1692188747505578252,2451,49239000000,5.549265072925935,-5.1173794117476215,0.8590001696497979
1692188747555685251,2452,49259000000,5.537108626494772,-5.102699962026072,0.8590001696497978
1692188747555715606,2453,49279000000,5.524952208632144,-5.088020488432539,0.8590001696497978
1692188747568441350,2454,49299000000,5.512795819338689,-5.073340990966579,0.8590001696497978
1692188747568472225,2455,49319000000,5.500639458615043,-5.058661469627752,0.8590001696497976
1692188747625636904,2456,49339000000,5.4884831264618485,-5.0439819244156086,0.8590001696497976
1692188747625665651,2457,49359000000,5.476326822879742,-5.029302355329713,0.8590001696497975
1692188747685566270,2458,49379000000,5.464170547869363,-5.014622762369615,0.8590001696497975
1692188747685593827,2459,49399000000,5.452014301431348,-4.999943145534878,0.8590001696497974
1692188747685616219,2460,49419000000,5.439858083566335,-4.985263504825054,0.8590001696497974
1692188747685649797,2461,49439000000,5.427701894274965,-4.970583840239705,0.8590001696497974
1692188747745619553,2462,49459000000,5.415545733557876,-4.955904151778384,0.8590001696497973
1692188747745645548,2463,49479000000,5.403389601415705,-4.941224439440649,0.8590001696497973
1692188747772413179,2464,49499000000,5.391233497849089,-4.926544703226055,0.8590001696497973
1692188747772457749,2465,49519000000,5.379077422858669,-4.911864943134162,0.8590001696497973
1692188747815529307,2466,49539000000,5.366921376445082,-4.8971851591645255,0.8590001696497972
1692188747815554760,2467,49559000000,5.354765358608968,-4.882505351316703,0.8590001696497971
1692188747875564641,2468,49579000000,5.342609369350963,-4.86782551959025,0.8590001696497971
1692188747875596552,2469,49599000000,5.330453408671706,-4.853145663984724,0.8590001696497971
1692188747925665054,2470,49619000000,5.3182974765718365,-4.838465784499688,0.859000169649797
1692188747925683720,2471,49639000000,5.3061415730519945,-4.82378588113469,0.859000169649797
1692188747925689882,2472,49659000000,5.293985698112816,-4.809105953889289,0.859000169649797
1692188747975684154,2473,49679000000,5.281829851754938,-4.794426002763045,0.8590001696497969
1692188747975759789,2474,49699000000,5.269674033979006,-4.779746027755513,0.8590001696497969
1692188747975788341,2475,49719000000,5.25751824478565,-4.76506602886625,0.8590001696497969
1692188748025489352,2476,49739000000,5.245362484175512,-4.750386006094812,0.8590001696497968
1692188748025510235,2477,49759000000,5.233206752149231,-4.735705959440756,0.8590001696497968
1692188748039525605,2478,49779000000,5.221051048707447,-4.72102588890364,0.8590001696497966
1692188748039569619,2479,49799000000,5.2088953738507975,-4.706345794483019,0.8590001696497966
1692188748095671465,2480,49819000000,5.196739727579919,-4.691665676178453,0.8590001696497966
1692188748095709848,2481,49839000000,5.184584109895454,-4.676985533989494,0.8590001696497965
1692188748145804478,2482,49859000000,5.172428520798039,-4.662305367915702,0.8590001696497965
1692188748148417280,2483,49879000000,5.160272960288312,-4.647625177956636,0.8590001696497964
1692188748205639999,2484,49899000000,5.148117428366912,-4.632944964111847,0.8590001696497964
1692188748205669677,2485,49919000000,5.135961925034478,-4.6182647263808985,0.8590001696497964
1692188748205702001,2486,49939000000,5.123806450291649,-4.603584464763342,0.8590001696497963
1692188748265846620,2487,49959000000,5.111651004139064,-4.588904179258738,0.8590001696497963
1692188748265887552,2488,49979000000,5.099495586577359,-4.574223869866641,0.8590001696497962
1692188748267225943,2489,49999000000,5.08734019760718,-4.559543536586608,0.8590001696497962
1692188748267240801,2490,50019000000,5.075184837229156,-4.544863179418196,0.8590001696497962
1692188748315536274,2491,50039000000,5.0630295054439305,-4.530182798360962,0.8590001696497961
1692188748315549048,2492,50059000000,5.050874202252144,-4.515502393414461,0.8590001696497961
1692188748365503535,2493,50079000000,5.0387189276544335,-4.500821964578252,0.8590001696497961
1692188748365526740,2494,50099000000,5.026563681651436,-4.486141511851888,0.859000169649796
1692188748415665835,2495,50119000000,5.014408464243795,-4.471461035234929,0.859000169649796
1692188748415710114,2496,50139000000,5.002253275432145,-4.456780534726933,0.8590001696497959
1692188748415726073,2497,50159000000,4.990098115217129,-4.442100010327454,0.8590001696497959
1692188748415780208,2498,50179000000,4.977689243515973,-4.4276331325821445,0.8590001696495609
1692188748474808821,2499,50199000000,4.965222196313644,-4.4132268722350325,0.8590001696504064
1692188748474851887,2500,50219000000,4.952546883841563,-4.399008785503441,0.8590001696509755
1692188748515575586,2501,50239000000,4.939555793892656,-4.385080195904623,0.8590001696515498
1692188748515595695,2502,50259000000,4.926247569121236,-4.371454990314504,0.8590001696521496
1692188748565523067,2503,50279000000,4.912628431104079,-4.358140564940992,0.859000169652776
1692188748567038979,2504,50299000000,4.898705249392321,-4.345143722219593,0.8590001696534288
1692188748615700750,2505,50319000000,4.884485074203095,-4.332471080352263,0.8590001696541077
1692188748615721901,2506,50339000000,4.86997510200843,-4.320129098935761,0.8590001696548502
1692188748615809109,2507,50359000000,4.855182670000416,-4.308124077834426,0.859000169655637
1692188748665539146,2508,50379000000,4.840115252421019,-4.296462154256632,0.8590001696564511
1692188748665571524,2509,50399000000,4.824780456953284,-4.285149299779413,0.8590001696572922
1692188748682064778,2510,50419000000,4.80918602105633,-4.274191317442876,0.8590001696581195
1692188748682100840,2511,50439000000,4.793339808238233,-4.26359383892339,0.8590001696589564
1692188748735576903,2512,50459000000,4.777249804265973,-4.25336232179071,0.8590001696598212
1692188748795686121,2513,50479000000,4.760924113315787,-4.243502046848116,0.8590001696607134
1692188748795730305,2514,50499000000,4.74437095406534,-4.234018115557522,0.8590001696616325
1692188748795788644,2515,50519000000,4.727598655729661,-4.224915447550723,0.8590001696625782
1692188748855564010,2516,50539000000,4.7106156540427,-4.216198778228085,0.8590001696635501
1692188748855587906,2517,50559000000,4.693430487186395,-4.207872656445866,0.8590001696645477
1692188748855598997,2518,50579000000,4.676051791669243,-4.199941442293341,0.8590001696655705
1692188748855673119,2519,50599000000,4.658488298156309,-4.192409304960848,0.8590001696666179
1692188748915644929,2520,50619000000,4.640748827252714,-4.185280220699808,0.8590001696676896
1692188748915673554,2521,50639000000,4.622842285310416,-4.178557970851788,0.8590001696687407
1692188748936353818,2522,50659000000,4.604783554338997,-4.17222960961152,0.8590001696707946
1692188748937563484,2523,50679000000,4.586734974207368,-4.165842999175474,0.8590001696703277
1692188748995680822,2524,50699000000,4.568535491642383,-4.159875636922608,0.8590001696702607
1692188748995716500,2525,50719000000,4.5503217254163655,-4.1539490538969375,0.8590001696702566
1692188749055682254,2526,50739000000,4.53210692344844,-4.148025437207124,0.8590001696702567
1692188749055721008,2527,50759000000,4.51389199485256,-4.142102183277835,0.8590001696702572
1692188749055733008,2528,50779000000,4.495677001902781,-4.136179113718558,0.8590001696702577
1692188749055743631,2529,50799000000,4.477461948865866,-4.1302562163108085,0.8590001696702582
1692188749115554973,2530,50819000000,4.459246836034526,-4.124333490220966,0.8590001696702586
1692188749115576965,2531,50839000000,4.441031663429217,-4.118410935395422,0.859000169670259
1692188749127806596,2532,50859000000,4.422816431051743,-4.11248855183401,0.8590001696702596
1692188749127871573,2533,50879000000,4.404601138902628,-4.106566339540221,0.85900016967026
1692188749175589806,2534,50899000000,4.386385786982305,-4.100644298517794,0.8590001696702605
1692188749175629602,2535,50919000000,4.368170375291206,-4.094722428770491,0.8590001696702609
1692188749225636029,2536,50939000000,4.349954903829763,-4.088800730302075,0.8590001696702614
1692188749225653713,2537,50959000000,4.331739372598406,-4.082879203116306,0.8590001696702619
1692188749225667783,2538,50979000000,4.313523781597563,-4.076957847216947,0.8590001696702624
1692188749285572643,2539,50999000000,4.295308130827666,-4.071036662607756,0.8590001696702628
1692188749285607359,2540,51019000000,4.277092420289145,-4.065115649292494,0.8590001696702633
1692188749294423368,2541,51039000000,4.258876649982431,-4.059194807274929,0.8590001696702638
1692188749296080838,2542,51059000000,4.240660819907954,-4.0532741365588185,0.8590001696702643
1692188749345658203,2543,51079000000,4.222444930066145,-4.047353637147924,0.8590001696702647
1692188749395555768,2544,51099000000,4.204228980457436,-4.041433309046007,0.8590001696702652
1692188749395589751,2545,51119000000,4.186012971082255,-4.03551315225683,0.8590001696702656
1692188749395594422,2546,51139000000,4.167796901941033,-4.029593166784157,0.859000169670266
1692188749395598978,2547,51159000000,4.149580773034207,-4.023673352631747,0.8590001696702666
1692188749455681906,2548,51179000000,4.131364584362201,-4.017753709803364,0.859000169670267
1692188749478104226,2549,51199000000,4.1131483359254455,-4.011834238302768,0.8590001696702675
1692188749525637010,2550,51219000000,4.094932027724376,-4.005914938133723,0.859000169670268
1692188749525660895,2551,51239000000,4.076715659759424,-3.999995809299991,0.8590001696702685
1692188749525682134,2552,51259000000,4.058499232031018,-3.9940768518053344,0.8590001696702689
1692188749525722592,2553,51279000000,4.040354923832636,-3.9879522960485496,0.8590001696707666
1692188749585488598,2554,51299000000,4.02228544525541,-3.9816115472832663,0.8590001696725958
1692188749585515884,2555,51319000000,4.004284314755674,-3.975097362358573,0.8590001696715046
1692188749585542371,2556,51339000000,3.986433963733477,-3.96820054261436,0.8590001696704115
1692188749595810537,2557,51359000000,3.968748241829714,-3.960909429644973,0.8590001696692646
1692188749620398838,2558,51379000000,3.951235653618672,-3.953227123464473,0.8590001696680614
1692188749682129130,2559,51399000000,3.9339042003575706,-3.945157888984912,0.8590001696668029
1692188749725679253,2560,51419000000,3.9167617221085207,-3.936706239079905,0.8590001696654908
1692188749725714388,2561,51439000000,3.8998103169698606,-3.927869981189401,0.8590001696641671
1692188749725763312,2562,51459000000,3.8830604853188575,-3.918638429117418,0.8590001696628472
1692188749725841792,2563,51479000000,3.8665195994825527,-3.9090491843638655,0.8590001696579957
1692188749775601365,2564,51499000000,3.850196875858313,-3.899134229010307,0.8590001696562302
1692188749775654324,2565,51519000000,3.834101164352602,-3.888895699368527,0.8590001696589091
1692188749782890498,2566,51539000000,3.818240928921504,-3.878318470474997,0.859000169658011
1692188749795410449,2567,51559000000,3.802629362890551,-3.867384466687753,0.8590001696571463
1692188749835647412,2568,51579000000,3.7872766528834423,-3.8560955697802313,0.8590001696563088
1692188749895861648,2569,51599000000,3.772190725814181,-3.844457298386861,0.8590001696554981
1692188749895897231,2570,51619000000,3.7573792173725744,-3.8324755804587096,0.8590001696547146
1692188749895930044,2571,51639000000,3.742849619502679,-3.820156526457784,0.8590001696539848
1692188749945540822,2572,51659000000,3.728609287432964,-3.807506411360493,0.8590001696533092
1692188749945566333,2573,51679000000,3.714665436858378,-3.794531670631661,0.8590001696526596
1692188749955137184,2574,51699000000,3.7010251404915104,-3.7812388970642687,0.8590001696520364
1692188749955159174,2575,51719000000,3.6876953246330846,-3.767634837605865,0.85900016965144
1692188749995581614,2576,51739000000,3.674682765808793,-3.753726390114277,0.8590001696508706
1692188749995611468,2577,51759000000,3.661994087477503,-3.739520600040011,0.8590001696503283
1692188750045561846,2578,51779000000,3.649635756812621,-3.725024657036692,0.8590001696498136
1692188750076406439,2579,51799000000,3.637614081558233,-3.710245891501102,0.8590001696493267
1692188750125669655,2580,51819000000,3.6259352069615582,-3.695191771044464,0.8590001696488678
1692188750125691732,2581,51839000000,3.6146051127832433,-3.679869896896646,0.8590001696484371
1692188750125704456,2582,51859000000,3.603629610386962,-3.664288000244989,0.8590001696480348
1692188750175583513,2583,51879000000,3.5930143399097734,-3.648453938509479,0.8590001696476611
1692188750175611364,2584,51899000000,3.582764767514626,-3.6323756915560743,0.8590001696473163
1692188750179883806,2585,51919000000,3.572886182726383,-3.616061357849953,0.8590001696470004
1692188750179914845,2586,51939000000,3.5633836958526963,-3.599519150550519,0.8590001696467137
1692188750225512328,2587,51959000000,3.554262235491011,-3.582757393550056,0.8590001696464562
1692188750275569224,2588,51979000000,3.545526546122937,-3.5657845174578853,0.8590001696462282
1692188750275600499,2589,51999000000,3.5367697964431395,-3.548811715461103,0.8590001696459416
1692188750275620823,2590,52019000000,3.5284071185489365,-3.531634320497153,0.8590001696460999
1692188750325519113,2591,52039000000,3.5201098055358537,-3.514424029169229,0.8590001696461108
1692188750325567006,2592,52059000000,3.511817119093295,-3.497211418577568,0.8590001696461116
1692188750325570413,2593,52079000000,3.503524858613204,-3.4799985945256764,0.8590001696461115
1692188750375803680,2594,52099000000,3.495232736891354,-3.462785700941894,0.8590001696461115
1692188750375916665,2595,52119000000,3.4869407342976624,-3.445572747664066,0.8590001696461114
1692188750386341676,2596,52139000000,3.4786488494928065,-3.4283597353643005,0.8590001696461114
1692188750395865725,2597,52159000000,3.470357082387768,-3.411146664088173,0.8590001696461113
1692188750445556243,2598,52179000000,3.462065432978992,-3.393933533838433,0.8590001696461113
1692188750495558291,2599,52199000000,3.4537739012687734,-3.3767203446149034,0.8590001696461111
1692188750495584571,2600,52219000000,3.445482487259798,-3.3595070964172047,0.8590001696461111
1692188750495669724,2601,52239000000,3.437191190954784,-3.342293789244943,0.859000169646111
1692188750495690841,2602,52259000000,3.4289000123564497,-3.325080423097729,0.8590001696461109
1692188750545556531,2603,52279000000,3.420608951467514,-3.307866997975168,0.8590001696461109
1692188750570064871,2604,52299000000,3.4123180082907,-3.290653513876866,0.8590001696461108
1692188750615590532,2605,52319000000,3.404027182828722,-3.2734399708024307,0.8590001696461108
1692188750615635537,2606,52339000000,3.395736475084303,-3.25622636875147,0.8590001696461108
1692188750615664236,2607,52359000000,3.3874458850601608,-3.2390127077235897,0.8590001696461107
1692188750665669499,2608,52379000000,3.3791554127590144,-3.221798987718397,0.8590001696461106
1692188750669341844,2609,52399000000,3.3708650581835844,-3.2045852087355016,0.8590001696461106
1692188750715625762,2610,52419000000,3.3625748213365894,-3.1873713707745077,0.8590001696461106
1692188750715674746,2611,52439000000,3.35428470222075,-3.170157473835022,0.8590001696461105
1692188750715689909,2612,52459000000,3.3459947008387845,-3.152943517916654,0.8590001696461104
1692188750765725429,2613,52479000000,3.337704817193416,-3.135729503019009,0.8590001696461104
1692188750785515787,2614,52499000000,3.329415051287361,-3.1185154291416968,0.8590001696461104
1692188750835608300,2615,52519000000,3.3211254031233404,-3.101301296284323,0.8590001696461103
1692188750835626681,2616,52539000000,3.312835872704076,-3.0840871044464944,0.8590001696461101
1692188750835641444,2617,52559000000,3.3045464600322845,-3.0668728536278183,0.8590001696461101
1692188750835727824,2618,52579000000,3.296257165110688,-3.049658543827904,0.85900016964611
1692188750895606621,2619,52599000000,3.2879679879420065,-3.0324441750463573,0.85900016964611
1692188750895632471,2620,52619000000,3.27967892852896,-3.015229747282785,0.8590001696461099
1692188750895684622,2621,52639000000,3.2713899868742686,-2.998015260536797,0.8590001696461099
1692188750895697335,2622,52659000000,3.2631011629806537,-2.9808007148079985,0.8590001696461098
1692188750955739261,2623,52679000000,3.2548124568508348,-2.963586110095998,0.8590001696461098
1692188750961055720,2624,52699000000,3.2465238684875315,-2.9463714464004016,0.8590001696461097
1692188751015705205,2625,52719000000,3.238235397893466,-2.9291567237208187,0.8590001696461097
1692188751015724990,2626,52739000000,3.2299470450713583,-2.911941942056858,0.8590001696461096
1692188751015728801,2627,52759000000,3.2216588100239294,-2.8947271014081246,0.8590001696461096
1692188751075648567,2628,52779000000,3.213370692753899,-2.8775122017742274,0.8590001696461095
1692188751075668145,2629,52799000000,3.2050826932639875,-2.8602972431547733,0.8590001696461095
1692188751075675860,2630,52819000000,3.1967948115569174,-2.8430822255493715,0.8590001696461094
1692188751125490441,2631,52839000000,3.188507047635407,-2.825867148957628,0.8590001696461094
1692188751125509578,2632,52859000000,3.180219401502181,-2.808652013379151,0.8590001696461093
1692188751125511501,2633,52879000000,3.171931873159957,-2.7914368188135503,0.8590001696461091
1692188751179723774,2634,52899000000,3.163644462611458,-2.774221565260432,0.8590001696461091
1692188751179763573,2635,52919000000,3.1553571698594043,-2.7570062527194024,0.859000169646109
1692188751235520302,2636,52939000000,3.1470699949065164,-2.7397908811900717,0.859000169646109
1692188751235544611,2637,52959000000,3.1387829377555168,-2.722575450672045,0.8590001696461089
1692188751295703526,2638,52979000000,3.130495998409126,-2.705359961164933,0.8590001696461089
1692188751295722899,2639,52999000000,3.122209176870066,-2.688144412668344,0.8590001696461088
1692188751295728724,2640,53019000000,3.113922473141056,-2.670928805181885,0.8590001696461088
1692188751295732571,2641,53039000000,3.1056358872248198,-2.653713138705164,0.8590001696461087
1692188751355529951,2642,53059000000,3.097349419124079,-2.63649741323779,0.8590001696461087
1692188751355553561,2643,53079000000,3.089063068841553,-2.619281628779369,0.8590001696461086
1692188751355558205,2644,53099000000,3.080776836379965,-2.60206578532951,0.8590001696461085
1692188751375184289,2645,53119000000,3.0724907217420387,-2.584849882887821,0.8590001696461085
1692188751378445335,2646,53139000000,3.0642047249304927,-2.567633921453911,0.8590001696461084
1692188751426106666,2647,53159000000,3.055918845948049,-2.5504179010273877,0.8590001696461084
1692188751475712698,2648,53179000000,3.0476330847974307,-2.53320182160786,0.8590001696461083
1692188751475741220,2649,53199000000,3.039347441481357,-2.515985683194935,0.8590001696461083
1692188751475747652,2650,53219000000,3.031061916002554,-2.49876948578822,0.8590001696461081
1692188751525668973,2651,53239000000,3.0227765083637417,-2.481553229387326,0.8590001696461081
1692188751525708516,2652,53259000000,3.014491218567641,-2.46433691399186,0.859000169646108
1692188751532564375,2653,53279000000,3.0062060466169767,-2.4471205396014297,0.859000169646108
1692188751574759692,2654,53299000000,2.997920992514471,-2.4299041062156457,0.8590001696461079
1692188751615554472,2655,53319000000,2.989636056262845,-2.412687613834115,0.8590001696461079
1692188751615569601,2656,53339000000,2.9813512378648204,-2.395471062456445,0.8590001696461078
1692188751615593036,2657,53359000000,2.9730665373231195,-2.378254452082245,0.8590001696461078
1692188751665589390,2658,53379000000,2.9647819546404657,-2.361037782711125,0.8590001696461077
1692188751665618550,2659,53399000000,2.956497489819581,-2.3438210543426914,0.8590001696461077
1692188751672209194,2660,53419000000,2.948213142863187,-2.326604266976553,0.8590001696461076
1692188751695115053,2661,53439000000,2.939928913774009,-2.309387420612319,0.8590001696461075
1692188751745648358,2662,53459000000,2.931644802554767,-2.2921705152495977,0.8590001696461075
1692188751745688903,2663,53479000000,2.923360809208185,-2.274953550887998,0.8590001696461074
1692188751745700234,2664,53499000000,2.9150769337369877,-2.2577365275271286,0.8590001696461074
1692188751795518351,2665,53519000000,2.9067931761438937,-2.240519445166599,0.8590001696461074
1692188751807176121,2666,53539000000,2.8985095364316296,-2.2233023038060167,0.8590001696461073
1692188751855636041,2667,53559000000,2.8902260146029155,-2.206085103444991,0.8590001696461071
1692188751855656791,2668,53579000000,2.8819426106604764,-2.188867844083131,0.8590001696461071
1692188751855682722,2669,53599000000,2.8736593246070363,-2.171650525720044,0.8590001696461071
1692188751905545184,2670,53619000000,2.865376156445316,-2.15443314835534,0.859000169646107
1692188751905569681,2671,53639000000,2.8570931061780405,-2.137215711988628,0.8590001696461069
1692188751905587967,2672,53659000000,2.848810173807932,-2.1199982166195164,0.8590001696461069
1692188751965557129,2673,53679000000,2.840527359337713,-2.102780662247612,0.8590001696461068
1692188751965587437,2674,53699000000,2.832244662770109,-2.085563048872528,0.8590001696461067
1692188751965592537,2675,53719000000,2.823962084107844,-2.068345376493872,0.8590001696461067
1692188752015676810,2676,53739000000,2.8156796233536383,-2.051127645111253,0.8590001696461067
1692188752015708010,2677,53759000000,2.8073972805102168,-2.0339098547242784,0.8590001696461066
1692188752015819693,2678,53779000000,2.7991150555803053,-2.01669200533256,0.8590001696461066
1692188752068603932,2679,53799000000,2.790832948566626,-1.999474096935704,0.8590001696461065
1692188752115611651,2680,53819000000,2.7825509594719016,-1.98225612953332,0.8590001696461065
1692188752115645255,2681,53839000000,2.7742690882988565,-1.9650381031250197,0.8590001696461064
1692188752115660881,2682,53859000000,2.765987335050216,-1.947820017710409,0.8590001696461063
1692188752165940182,2683,53879000000,2.7577056997287004,-1.9306018732890984,0.8590001696461063
1692188752166004387,2684,53899000000,2.7494241823370373,-1.9133836698606967,0.8590001696461063
1692188752169211928,2685,53919000000,2.741142782877949,-1.8961654074248155,0.8590001696461061
1692188752192714721,2686,53939000000,2.7328615013541606,-1.8789470859810624,0.859000169646106
1692188752235675141,2687,53959000000,2.724580337768396,-1.8617287055290463,0.859000169646106
1692188752235702009,2688,53979000000,2.716299292123378,-1.8445102660683776,0.8590001696461059
1692188752295560192,2689,53999000000,2.708018364421834,-1.8272917675986649,0.8590001696461059
1692188752295571123,2690,54019000000,2.699737554666486,-1.8100732101195172,0.8590001696461058
1692188752355615433,2691,54039000000,2.6914568628600595,-1.7928545936305444,0.8590001696461058
1692188752355648702,2692,54059000000,2.683176289005277,-1.7756359181313557,0.8590001696461057
1692188752355675261,2693,54079000000,2.6750613031585706,-1.7583346836328757,0.8590001696467653
1692188752355683768,2694,54099000000,2.667184676845637,-1.7409230275602994,0.8590001696459946
1692188752405703131,2695,54119000000,2.65944674828455,-1.7234530094863694,0.8590001696457933
1692188752406388169,2696,54139000000,2.652089848969064,-1.705811674175934,0.859000169645572
1692188752455588105,2697,54159000000,2.64513629257832,-1.6879988347850587,0.8590001696454735
1692188752455615756,2698,54179000000,2.6385910499832117,-1.6700228412542368,0.8590001696454053
1692188752455664188,2699,54199000000,2.6324577082395004,-1.65189267652064,0.8590001696453666
1692188752505468539,2700,54219000000,2.62673957322421,-1.6336174347160144,0.8590001696453582
1692188752505496050,2701,54239000000,2.621439744306956,-1.6152062830598153,0.8590001696453795
1692188752505528825,2702,54259000000,2.6165611180955297,-1.5966684552335122,0.8590001696454309
1692188752565577973,2703,54279000000,2.6121063873730828,-1.5780132467722716,0.8590001696454732
1692188752565619155,2704,54299000000,2.608032738221209,-1.5592520990000196,0.8590001696568098
1692188752565666696,2705,54319000000,2.6042577884905613,-1.5403956825232834,0.8589932909460641
1692188752615558269,2706,54339000000,2.600830865261025,-1.521450944475872,0.8589933937559285
1692188752615594618,2707,54359000000,2.597782537641933,-1.50243466586048,0.8590001703476301
1692188752615601913,2708,54379000000,2.5949774699649035,-1.4833501593303784,0.8590001700535269
1692188752675637131,2709,54399000000,2.592507076555938,-1.464207669925914,0.859000170030262
1692188752675673515,2710,54419000000,2.590403551246812,-1.4450166301439744,0.8590001700551956
1692188752691608992,2711,54439000000,2.5885061359327475,-1.425789290626958,0.8589990064734725
1692188752695016945,2712,54459000000,2.58668781723566,-1.406525298662999,0.8589990100632208
1692188752735858116,2713,54479000000,2.585138936358449,-1.3872396447510598,0.859000885450102
1692188752785648595,2714,54499000000,2.583930008302791,-1.3679279985061052,0.8590001696498255
1692188752785682718,2715,54519000000,2.5830497215507124,-1.3486089460613917,0.8590001696497943
1692188752835730160,2716,54539000000,2.582502195336385,-1.329283576432918,0.8590001696497664
1692188752835774194,2717,54559000000,2.582077850328949,-1.3099548282298854,0.8590000307086346
1692188752835804014,2718,54579000000,2.582067353361447,-1.2906211537257284,0.8589951920568063
1692188752895512422,2719,54599000000,2.5821023890578267,-1.2712905169540432,0.8589951919831365
1692188752895544062,2720,54619000000,2.582137668560364,-1.2519600808021407,0.858995191879221
1692188752895588464,2721,54639000000,2.5821731952659297,-1.2326296696643548,0.858995191775601
1692188752895593464,2722,54659000000,2.582208970917549,-1.2132992837243648,0.8589951916722962
1692188752955646945,2723,54679000000,2.58224499725085,-1.1939689233381747,0.858995191569286
1692188752967451781,2724,54699000000,2.582281276013112,-1.1746385888669486,0.8589951914665491
1692188753026482327,2725,54719000000,2.5823178089635634,-1.1553082806769357,0.8589951913640647
1692188753026503369,2726,54739000000,2.58235459787346,-1.135977999139543,0.8589951912618113
1692188753026514869,2727,54759000000,2.5823916445261563,-1.1166477446314058,0.8589951911597683
1692188753026558432,2728,54779000000,2.5824289507171896,-1.0973175175344634,0.8589951910579143
1692188753085730926,2729,54799000000,2.582466518254355,-1.077987318236032,0.8589951909562287
1692188753085769039,2730,54819000000,2.582504348957782,-1.058657147128879,0.8589951908546904
1692188753085784278,2731,54839000000,2.582542444660012,-1.0393270046113023,0.8589951907532783
1692188753094989785,2732,54859000000,2.5825808072060754,-1.0199968910872037,0.8589951906519717
1692188753115195434,2733,54879000000,2.582619438453576,-1.0006668069661722,0.8589951905507495
1692188753165519357,2734,54899000000,2.5826583402724657,-0.9813367526637232,0.8589951904502067
1692188753165548035,2735,54919000000,2.582697514517508,-0.9620067286091956,0.8589951903789602
1692188753225924836,2736,54939000000,2.5827369643690865,-0.9426767352303717,0.858995190319011
1692188753225940640,2737,54959000000,2.5827766923085367,-0.9233467729578247,0.8589951902585679
1692188753226079463,2738,54979000000,2.5828166995602784,-0.9040168422356932,0.858995190197486
1692188753277185992,2739,54999000000,2.582856988064121,-0.8846869435149144,0.8589951901356959
1692188753279164239,2740,55019000000,2.5828976636903294,-0.8653570806843847,0.8589951928376194
1692188753325669630,2741,55039000000,2.582914103014846,-0.846028363794235,0.8590001696784746
1692188753325722938,2742,55059000000,2.582914103014593,-0.8266984998394353,0.8590001696784753
1692188753375688787,2743,55079000000,2.582914103014339,-0.8073686641156588,0.8590001696784753
1692188753378511787,2744,55099000000,2.582914103014085,-0.7880388284184797,0.8590001696784753
1692188753425523383,2745,55119000000,2.582914103013831,-0.768708992721319,0.8590001696784753
1692188753425564384,2746,55139000000,2.582914103013577,-0.7493791570241571,0.8590001696784753
1692188753425568241,2747,55159000000,2.582914103013323,-0.7300493213269941,0.8590001696784753
1692188753425570886,2748,55179000000,2.582914103013069,-0.7107194856298296,0.8590001696784753
1692188753485666888,2749,55199000000,2.582914103012815,-0.6913896499326642,0.8590001696784753
1692188753485721077,2750,55219000000,2.582914103012561,-0.6720598142354975,0.8590001696784753
1692188753499212730,2751,55239000000,2.582914103012306,-0.6527299785383297,0.8590001696784753
1692188753499253205,2752,55259000000,2.582914103012052,-0.6334001428411603,0.8590001696784754
1692188753555622652,2753,55279000000,2.582914103011798,-0.6140703071439899,0.8590001696784753
1692188753555673533,2754,55299000000,2.582914103011544,-0.5947404714468179,0.8590001696784753
1692188753615695842,2755,55319000000,2.58291410301129,-0.5754106357496447,0.8590001696784753
1692188753615795696,2756,55339000000,2.582914103011036,-0.5560808000524705,0.8590001696784753
1692188753675782185,2757,55359000000,2.582914103010782,-0.5367509643552948,0.8590001696784753
1692188753675807925,2758,55379000000,2.582914103010528,-0.5174211286581182,0.8590001696784753
1692188753675823282,2759,55399000000,2.582914103010274,-0.4980912929609397,0.8590001696784753
1692188753675867390,2760,55419000000,2.58291410301002,-0.47876145726376,0.8590001696784753
1692188753736493932,2761,55439000000,2.5829141030097658,-0.459431621566579,0.8590001696784753
1692188753736522149,2762,55459000000,2.582914103009512,-0.4401017858693972,0.8590001696784753
1692188753736540213,2763,55479000000,2.582914103009257,-0.4207719501722141,0.8590001696784753
1692188753776544851,2764,55499000000,2.582914103009003,-0.4014421144750292,0.8590001696784753
1692188753776684317,2765,55519000000,2.582914103008749,-0.3821122787778437,0.8590001696784753
1692188753825561420,2766,55539000000,2.5829141030084948,-0.3627824430806566,0.8590001696784753
1692188753825574165,2767,55559000000,2.5829141030082408,-0.3434526073834684,0.8590001696784753
1692188753825619568,2768,55579000000,2.5829141030079867,-0.3241227716862789,0.8590001696784753
1692188753875496407,2769,55599000000,2.5829141030077327,-0.3047929359890882,0.8590001696784753
1692188753875515416,2770,55619000000,2.5829141030074787,-0.285463100291896,0.8590001696784753
1692188753881317352,2771,55639000000,2.5829141030072247,-0.2661332645947027,0.8590001696784753
1692188753895112137,2772,55659000000,2.5829141030069707,-0.2468034288975083,0.8590001696784753
1692188753945525549,2773,55679000000,2.5829141030067166,-0.2274735932003126,0.8590001696784753
1692188753995638947,2774,55699000000,2.582914103006462,-0.2081437575031156,0.8590001696784754
1692188753995666708,2775,55719000000,2.582914103006208,-0.1888139218059171,0.8590001696784753
1692188754055516176,2776,55739000000,2.5829141030059537,-0.1694840861087175,0.8590001696784753
1692188754055536217,2777,55759000000,2.5829141030057,-0.1501542504115166,0.8590001696784753
1692188754055541435,2778,55779000000,2.5829141030054457,-0.1308244147143143,0.8590001696784753
1692188754055554439,2779,55799000000,2.582914103005192,-0.1114945790171109,0.8590001696784753
1692188754115639709,2780,55819000000,2.5829141030049376,-0.0921647433199062,0.8590001696784753
1692188754115673253,2781,55839000000,2.582914103004684,-0.0728349076227002,0.8590001696784753
1692188754115685170,2782,55859000000,2.5829141030044296,-0.0535050719254931,0.8590001696784753
1692188754164099607,2783,55879000000,2.582914103004176,-0.0341752362282846,0.8590001696784753
1692188754164128759,2784,55899000000,2.582914103003921,-0.0148454005310748,0.8590001696784753
1692188754164137406,2785,55919000000,2.5829141030036675,0.0044844351661361,0.8590001696784753
1692188754191460336,2786,55939000000,2.582914103003413,0.0238142708633483,0.8590001696784753
1692188754195170369,2787,55959000000,2.5829141030031586,0.0431441065605619,0.8590001696784753
1692188754235660413,2788,55979000000,2.5829141030029046,0.0624739422577767,0.8590001696784753
1692188754295584006,2789,55999000000,2.5829141030026506,0.0818037779549927,0.8590001696784753
1692188754295614591,2790,56019000000,2.5829141030023965,0.1011336136522101,0.8590001696784753
1692188754345647619,2791,56039000000,2.5829141030021425,0.1204634493494286,0.8590001696784753
1692188754345673458,2792,56059000000,2.5829141030018885,0.1397932850466484,0.8590001696784753
1692188754345679419,2793,56079000000,2.5829141030016345,0.1591231207438695,0.8590001696784754
1692188754345705890,2794,56099000000,2.5829141030013805,0.178452956441092,0.8590001696784753
1692188754405644388,2795,56119000000,2.5829141030011264,0.1977827921383156,0.8590001696784753
1692188754405673580,2796,56139000000,2.5829141030008724,0.2171126278355404,0.8590001696784753
1692188754434105965,2797,56159000000,2.5829141030006184,0.2364424635327665,0.8590001696784753
1692188754434140465,2798,56179000000,2.5829141030003644,0.2557722992299939,0.8590001696784753
1692188754485550788,2799,56199000000,2.582914103000109,0.2751021349272226,0.8590001696784753
1692188754485575896,2800,56219000000,2.5829141029998555,0.2944319706244526,0.8590001696784753
1692188754545694196,2801,56239000000,2.582914102999601,0.3137618063216838,0.8590001696784753
1692188754545722700,2802,56259000000,2.5829141029993474,0.3330916420189162,0.8590001696784753
1692188754545734639,2803,56279000000,2.5829141029990934,0.3524214777161499,0.8590001696784753
1692188754545739592,2804,56299000000,2.5829141029988394,0.3717513134133849,0.8590001696784754
1692188754605545692,2805,56319000000,2.5829141029985854,0.391081149110621,0.8590001696784753
1692188754605560451,2806,56339000000,2.582914102998332,0.4104109848078584,0.8590001696784753
1692188754605562464,2807,56359000000,2.5829141029980773,0.4297408205050971,0.8590001696784753
1692188754633516464,2808,56379000000,2.5829141029978238,0.4490706562023372,0.8590001696784753
1692188754635113258,2809,56399000000,2.5829141029975693,0.4684004918995786,0.8590001696784753
1692188754685721110,2810,56419000000,2.5829141029973157,0.4877303275968211,0.8590001696784753
1692188754745644867,2811,56439000000,2.5829141029970604,0.5070601632940648,0.8590001696784753
1692188754745682921,2812,56459000000,2.5829141029968063,0.5263899989913099,0.8590001696784753
1692188754745700414,2813,56479000000,2.5829141029965523,0.545719834688556,0.8590001696784753
1692188754745783071,2814,56499000000,2.5829141029962983,0.5650496703858037,0.8590001696784753
1692188754795493564,2815,56519000000,2.5829141029960443,0.5843795060830526,0.8590001696784753
1692188754801250811,2816,56539000000,2.5829141029957903,0.6037093417803028,0.8590001696784753
1692188754855476445,2817,56559000000,2.5829141029955363,0.623039177477554,0.8590001696784753
1692188754855491459,2818,56579000000,2.5829141029952822,0.6423690131748068,0.8590001696784753
1692188754855511965,2819,56599000000,2.582914102995028,0.6616988488720609,0.8590001696784753
1692188754915560672,2820,56619000000,2.582914102994774,0.6810286845693159,0.8590001696784753
1692188754915599078,2821,56639000000,2.58291410299452,0.7003585202665722,0.8590001696784753
1692188754915626350,2822,56659000000,2.582914102994266,0.7196883559638299,0.8590001696784753
1692188754965721430,2823,56679000000,2.5829141029940117,0.7390181916610886,0.8590001696784753
1692188754965761619,2824,56699000000,2.582914102993757,0.7583480273583492,0.8590001696784753
1692188754971961205,2825,56719000000,2.582914102993503,0.77767786305561,0.8590001696784753
1692188754978524777,2826,56739000000,2.582914102993249,0.797007698752873,0.8590001696784753
1692188755035658268,2827,56759000000,2.582914102992995,0.816337534450137,0.8590001696784753
1692188755095674247,2828,56779000000,2.582914102992741,0.8356673701474022,0.8590001696784753
1692188755095721357,2829,56799000000,2.582914102992487,0.8549972058446688,0.8590001696784753
1692188755095756569,2830,56819000000,2.582914102992233,0.8743270415419364,0.8590001696784753
1692188755095797079,2831,56839000000,2.582914102991979,0.893656877239206,0.8590001696784753
1692188755145751774,2832,56859000000,2.582914102991725,0.9129867129364762,0.8590001696784753
1692188755145787898,2833,56879000000,2.582914102991471,0.9323165486337476,0.8590001696784753
1692188755176452293,2834,56899000000,2.582914102991217,0.9516463843310208,0.8590001696784753
1692188755178270438,2835,56919000000,2.582914102990962,0.9709762200282948,0.8590001696784753
1692188755225532966,2836,56939000000,2.582914102990708,0.99030605572557,0.8590001696784753
1692188755225556742,2837,56959000000,2.582914102990454,1.0096358914228465,0.8590001696784753
1692188755225566607,2838,56979000000,2.5829141029902,1.028965727120125,0.8590001696784753
1692188755275766342,2839,56999000000,2.582914102989946,1.0482955628174035,0.8590001696784753
1692188755275818236,2840,57019000000,2.582914102989692,1.0676253985146844,0.8590001696784753
1692188755288667562,2841,57039000000,2.582914102989438,1.086955234211966,0.8590001696784753
1692188755295265928,2842,57059000000,2.582914102989184,1.106285069909249,0.8590001696784753
1692188755345627123,2843,57079000000,2.58291410298893,1.1256149056065332,0.8590001696784753
1692188755395575740,2844,57099000000,2.582914102988676,1.1449447413038192,0.8590001696784753
1692188755395604465,2845,57119000000,2.582914102988422,1.1642745770011067,0.8590001696784753
1692188755395607652,2846,57139000000,2.582914102988168,1.183604412698394,0.8590001696784754
1692188755395627297,2847,57159000000,2.582914102987913,1.2029342483956826,0.8590001696784753
1692188755445514638,2848,57179000000,2.582914102987659,1.222264084092974,0.8590001696784754
1692188755461210374,2849,57199000000,2.582914102987405,1.2415939197902657,0.8590001696784753
1692188755505534515,2850,57219000000,2.582914102987151,1.2609237554875576,0.8590001696784753
1692188755505559844,2851,57239000000,2.582914102986897,1.2802535911848525,0.8590001696784754
1692188755505563972,2852,57259000000,2.582914102986643,1.299583426882149,0.8590001696784753
1692188755555612907,2853,57279000000,2.582914102986389,1.318913262579445,0.8590001696784753
1692188755569349607,2854,57299000000,2.582914102986135,1.3382430982767426,0.8590001696784753
1692188755625636710,2855,57319000000,2.582914102985881,1.3575729339740428,0.8590001696784753
1692188755625679692,2856,57339000000,2.582914102985627,1.3769027696713434,0.8590001696784753
1692188755625726194,2857,57359000000,2.582914102985373,1.3962326053686442,0.8590001696784753
1692188755685664323,2858,57379000000,2.582914102985118,1.4155624410659475,0.8590001696784753
1692188755685707948,2859,57399000000,2.582914102984864,1.4348922767632528,0.8590001696784753
1692188755691259062,2860,57419000000,2.58291410298461,1.454222112460558,0.8590001696784753
1692188755691291274,2861,57439000000,2.582914102984356,1.4735519481578636,0.8590001696784753
1692188755745512804,2862,57459000000,2.582914102984102,1.492881783855173,0.8590001696784753
1692188755745536595,2863,57479000000,2.582914102983848,1.5122116195524824,0.8590001696784753
1692188755785708944,2864,57499000000,2.582914102983594,1.531541455249792,0.8590001696784754
1692188755785748279,2865,57519000000,2.58291410298334,1.5508712909471043,0.8590001696784753
1692188755785782264,2866,57539000000,2.5829141029830858,1.5702011266444185,0.8590001696784753
1692188755835620524,2867,57559000000,2.582914102982832,1.5895309623417326,0.8590001696784754
1692188755835672331,2868,57579000000,2.5829141029825777,1.608860798039047,0.8590001696784753
1692188755869142273,2869,57599000000,2.582914102982324,1.6281906337363656,0.8590001696784753
1692188755869187026,2870,57619000000,2.5829141029820697,1.647520469433684,0.8590001696784754
1692188755925609518,2871,57639000000,2.582914102981815,1.6668503051310026,0.8590001696784753
1692188755925644042,2872,57659000000,2.5829141029815608,1.686180140828324,0.8590001696784753
1692188755925674559,2873,57679000000,2.5829141029813067,1.7055099765256467,0.8590001696784753
1692188755975594676,2874,57699000000,2.5829141029810527,1.7248398122229696,0.8590001696784753
1692188755975630404,2875,57719000000,2.5829141029807987,1.7441696479202933,0.8590001696784753
1692188755999137215,2876,57739000000,2.5829141029805447,1.7634994836176203,0.8590001696784753
1692188755999695737,2877,57759000000,2.5829141029802907,1.7828293193149476,0.8590001696784753
1692188756055533201,2878,57779000000,2.5829141029800367,1.802159155012275,0.8590001696784753
1692188756115494405,2879,57799000000,2.582914102979782,1.8214889907096048,0.8590001696784753
1692188756115515543,2880,57819000000,2.5829141029795286,1.8408188264069365,0.8590001696784753
1692188756115534193,2881,57839000000,2.5829141029792746,1.860148662104268,0.8590001696784754
1692188756115538980,2882,57859000000,2.582914102979021,1.8794784978016004,0.8590001696784753
1692188756175576846,2883,57879000000,2.5829141029787657,1.8988083334989363,0.8590001696784753
1692188756175606776,2884,57899000000,2.582914102978512,1.9181381691962724,0.8590001696784753
1692188756177290934,2885,57919000000,2.5829141029782576,1.937468004893609,0.8590001696784753
1692188756180055824,2886,57939000000,2.582914102978004,1.9567978405909476,0.8590001696784753
1692188756225548083,2887,57959000000,2.583160430577352,1.9761229962322084,0.85900016967937
1692188756275507124,2888,57979000000,2.583459197457797,1.9954416580093128,0.8590001696784838
1692188756275532673,2889,57999000000,2.583972430005983,2.014750461337612,0.8590001696778461
1692188756325507192,2890,58019000000,2.5848144893931675,2.0340423419200238,0.859000169677225
1692188756325538382,2891,58039000000,2.5859941882925472,2.0533112319277875,0.8590001696766064
1692188756325541648,2892,58059000000,2.587512702706277,2.0725511984997405,0.8590001696759894
1692188756325596143,2893,58079000000,2.589370567791885,2.0917562888024377,0.8590001696753743
1692188756375739843,2894,58099000000,2.591568155911175,2.1109205146321948,0.8590001696747614
1692188756375784183,2895,58119000000,2.594105706522506,2.130037854311144,0.8590001696741515
1692188756385745598,2896,58139000000,2.596983325416133,2.1491022564967137,0.8590001696735448
1692188756395348510,2897,58159000000,2.600200981972532,2.1681076443562963,0.8590001696729417
1692188756445554807,2898,58179000000,2.6037585064254136,2.18704791996262,0.8590001696723427
1692188756505490087,2899,58199000000,2.6076555872801883,2.205916968891785,0.8590001696717483
1692188756505511908,2900,58219000000,2.6118917689132592,2.2247086650154486,0.8590001696711591
1692188756505515205,2901,58239000000,2.616466449368885,2.243416875478102,0.8590001696705756
1692188756505527917,2902,58259000000,2.62137887820056,2.262035465897462,0.8590001696699983
1692188756555544771,2903,58279000000,2.6266276201520995,2.280557980734596,0.8590001696653125
1692188756576072786,2904,58299000000,2.6321657716593663,2.298970256791216,0.8590001696605284
1692188756625485503,2905,58319000000,2.63782541114825,2.3173142222360337,0.8590001696698704
1692188756625511979,2906,58339000000,2.643455299299156,2.335631450263015,0.8590001696702478
1692188756625543764,2907,58359000000,2.64934651880197,2.353857533648173,0.8590001696702825
1692188756675512837,2908,58379000000,2.6552582118249357,2.3720764936543266,0.8590001696702853
1692188756675536034,2909,58399000000,2.6611711504082134,2.390295019686993,0.8590001696702859
1692188756675550962,2910,58419000000,2.6670840146055843,2.408513571637656,0.8590001696702864
1692188756735635630,2911,58439000000,2.6729967139782067,2.4267321810182128,0.8590001696702869
1692188756735662282,2912,58459000000,2.678909242326326,2.4449508499871966,0.8590001696702874
1692188756735666159,2913,58479000000,2.684821599221671,2.463169578692084,0.8590001696702878
1692188756795529521,2914,58499000000,2.690733784631393,2.481388367142576,0.8590001696702882
1692188756795557534,2915,58519000000,2.696645798549735,2.4996072153389326,0.8590001696702887
1692188756795583339,2916,58539000000,2.7025576409727954,2.517826123280766,0.8590001696702892
1692188756795587748,2917,58559000000,2.708469311896798,2.536045090967644,0.8590001696702897
1692188756845604823,2918,58579000000,2.7143808113179784,2.554264118399133,0.8590001696702901
1692188756866536144,2919,58599000000,2.720292139232572,2.5724832055747986,0.8590001696702906
1692188756915618674,2920,58619000000,2.7262032956368127,2.590702352494206,0.8590001696702911
1692188756915674491,2921,58639000000,2.7321142805269343,2.60892155915692,0.8590001696702916
1692188756915679861,2922,58659000000,2.7380250938991733,2.6271408255625057,0.859000169670292
1692188756975690623,2923,58679000000,2.7439357357497647,2.6453601517105274,0.8590001696702925
1692188756975740408,2924,58699000000,2.749846206074942,2.663579537600552,0.859000169670293
1692188756975767971,2925,58719000000,2.7557565048709387,2.6817989832321407,0.8590001696702935
1692188757025672494,2926,58739000000,2.761666632133992,2.700018488604861,0.8590001696702939
1692188757025697903,2927,58759000000,2.7675765878603347,2.7182380537182773,0.8590001696702944
1692188757025738464,2928,58779000000,2.7734863720462,2.7364576785719525,0.8590001696702949
1692188757075560875,2929,58799000000,2.779395984687823,2.754677363165452,0.8590001696702954
1692188757075605384,2930,58819000000,2.7853054257814387,2.772897107498341,0.8590001696702958
1692188757091312447,2931,58839000000,2.7912146953232817,2.7911169115701826,0.8590001696702962
1692188757095181684,2932,58859000000,2.7971237933095843,2.8093367753805425,0.8590001696702967
1692188757135630919,2933,58879000000,2.8030327197365823,2.827556698928984,0.8590001696702972
1692188757185580344,2934,58899000000,2.808941474600508,2.8457766822150714,0.8590001696702977
1692188757185607849,2935,58919000000,2.814850057897597,2.863996725238368,0.8590001696702981
1692188757235746513,2936,58939000000,2.82075846962408,2.8822168279984384,0.8590001696702986
1692188757235782642,2937,58959000000,2.8266667097761946,2.900436990494846,0.8590001696702991
1692188757235794387,2938,58979000000,2.832574778350173,2.918657212727155,0.8590001696702996
1692188757295551833,2939,58999000000,2.838482675342247,2.936877494694928,0.8590001696703
1692188757295587040,2940,59019000000,2.8443904007486536,2.95509783639773,0.8590001696703005
1692188757295591269,2941,59039000000,2.8506110253150743,2.973208838432066,0.8590001696738647
1692188757295692102,2942,59059000000,2.8569248059492782,2.991287334336284,0.8590001696723955
1692188757356075756,2943,59079000000,2.863500613985015,3.009264705174315,0.8590001696713192
1692188757367062052,2944,59099000000,2.870465367159757,3.0270873834784373,0.8590001696702179
1692188757425526975,2945,59119000000,2.877824181025036,3.04474384919555,0.8590001696690612
1692188757425556841,2946,59139000000,2.885573485587962,3.0622257850928065,0.8590001696678484
1692188757425560038,2947,59159000000,2.893708954845833,3.079525224559374,0.8590001696665805
1692188757425628287,2948,59179000000,2.902226043014453,3.096634352033355,0.8590001696652594
1692188757480261996,2949,59199000000,2.911132356799558,3.1135527895154245,0.8590001696639508
1692188757480297374,2950,59219000000,2.920427508390981,3.1302670862367448,0.8590001696626134
1692188757525535628,2951,59239000000,2.9300744760635578,3.1467709399268657,0.8590001696575248
1692188757525563268,2952,59259000000,2.940044463769113,3.163055766488358,0.8590001696557297
1692188757525595340,2953,59279000000,2.950301559909927,3.179136963749115,0.8590001696577602
1692188757585553231,2954,59299000000,2.9605239017280773,3.195246192363083,0.8590001696583434
1692188757585580233,2955,59319000000,2.971092965259478,3.211123255809507,0.85900016965841
1692188757588014425,2956,59339000000,2.981692840715783,3.226979343654396,0.8590001696584147
1692188757613262486,2957,59359000000,2.992294765704657,3.242834033710372,0.8590001696584152
1692188757665571699,2958,59379000000,3.0028967709140435,3.258688669048205,0.8590001696584153
1692188757665596931,2959,59399000000,3.0134987219372835,3.2745433413457588,0.8590001696584155
1692188757665617707,2960,59419000000,3.024100609599881,3.290398056860567,0.8590001696584156
1692188757725668338,2961,59439000000,3.0347024332743078,3.306252816020301,0.8590001696584157
1692188757725714369,2962,59459000000,3.0453041929163494,3.32210761885475,0.8590001696584159
1692188757725733615,2963,59479000000,3.05590588852161,3.3379624653665534,0.8590001696584161
1692188757775786905,2964,59499000000,3.0665075200884075,3.353817355556491,0.8590001696584162
1692188757775899410,2965,59519000000,3.077109087615245,3.3696722894252225,0.8590001696584163
1692188757780615318,2966,59539000000,3.08771059110064,3.3855272669733942,0.8590001696584165
1692188757795044459,2967,59559000000,3.0983120305431093,3.401382288201656,0.8590001696584166
1692188757845772739,2968,59579000000,3.1089134059411725,3.4172373531106506,0.8590001696584169
1692188757895636593,2969,59599000000,3.1195147172933435,3.4330924617010306,0.859000169658417
1692188757895666396,2970,59619000000,3.1301159645981427,3.44894761397344,0.8590001696584171
1692188757895691638,2971,59639000000,3.140717147854088,3.464802809928528,0.8590001696584173
1692188757895698107,2972,59659000000,3.151318267059694,3.4806580495669417,0.8590001696584174
1692188757945530655,2973,59679000000,3.1619193222134783,3.496513332889328,0.8590001696584175
1692188757963609945,2974,59699000000,3.1725203133139592,3.5123686598963357,0.8590001696584176
1692188758015489065,2975,59719000000,3.1831212403596547,3.5282240305886097,0.8590001696584179
1692188758015520996,2976,59739000000,3.193722103349081,3.544079444966799,0.859000169658418
1692188758015527919,2977,59759000000,3.2043229022807536,3.559934903031552,0.8590001696584182
1692188758065533090,2978,59779000000,3.214923637153192,3.5757904047835143,0.8590001696584183
1692188758065567513,2979,59799000000,3.225524307964913,3.5916459502233344,0.8590001696584184
1692188758065576673,2980,59819000000,3.236124914714434,3.6075015393516594,0.8590001696584185
1692188758115558861,2981,59839000000,3.246725457400271,3.623357172169137,0.8590001696584186
1692188758115600120,2982,59859000000,3.257325936020941,3.639212848676413,0.8590001696584189
1692188758115661398,2983,59879000000,3.2679263505749603,3.655068568874138,0.859000169658419
1692188758175855292,2984,59899000000,3.278526701060848,3.670924332762958,0.8590001696584192
1692188758175896413,2985,59919000000,3.289126987477119,3.68678014034352,0.8590001696584193
1692188758185657148,2986,59939000000,3.299727209822291,3.702635991616471,0.8590001696584195
1692188758195322765,2987,59959000000,3.310327368094881,3.718491886582461,0.8590001696584196
1692188758235532825,2988,59979000000,3.320927462293405,3.734347825242134,0.8590001696584197
1692188758287363908,2989,59999000000,3.331527492416379,3.750203807596139,0.8590001696584199
1692188758287395859,2990,60019000000,3.342127458462321,3.7660598336451248,0.8590001696584201
1692188758287408614,2991,60039000000,3.352727360429749,3.781915903389737,0.8590001696584202
1692188758335581521,2992,60059000000,3.363327198317177,3.7977720168306246,0.8590001696584203
1692188758335606915,2993,60079000000,3.3739269721231224,3.813628173968433,0.8590001696584205
1692188758362096709,2994,60099000000,3.3845266818461006,3.829484374803811,0.8590001696584206
1692188758362106638,2995,60119000000,3.395126327484631,3.8453406193374073,0.8590001696584207
1692188758415619185,2996,60139000000,3.405725909037229,3.861196907569865,0.859000169658421
1692188758415687402,2997,60159000000,3.416325426502411,3.8770532395018376,0.8590001696584211
1692188758475560298,2998,60179000000,3.426924879878692,3.89290961513397,0.8590001696584212
1692188758475865476,2999,60199000000,3.43752426916459,3.908766034466909,0.8590001696584214
1692188758475898306,3000,60219000000,3.448123594358621,3.924622497501303,0.8590001696584215
1692188758525555572,3001,60239000000,3.4587228554593006,3.9404790042377975,0.8590001696584216
1692188758525604456,3002,60259000000,3.469322052465145,3.956335554677042,0.8590001696584219
1692188758525614946,3003,60279000000,3.479921185374671,3.9721921488196834,0.859000169658422
1692188758585666197,3004,60299000000,3.48357489262148,3.9777578394155153,0.8590001697119335
1692188758585703372,3005,60319000000,3.48357489262148,3.9777578394155153,0.8590001697119335
1692188758591250321,3006,60339000000,3.48357489262148,3.9777578394155153,0.8590001697119335
1692188758628053960,3007,60359000000,3.48357489262148,3.9777578394155153,0.8590001697119335
1692188758685560883,3008,60379000000,3.48357489262148,3.9777578394155153,0.8590001697119335
1692188758685588590,3009,60399000000,3.48357489262148,3.9777578394155153,0.8590001697119335
1692188758685623986,3010,60419000000,3.48357489262148,3.9777578394155153,0.8590001697119335
1692188758735804778,3011,60439000000,3.48357489262148,3.9777578394155153,0.8590001697119335
1692188758735999351,3012,60459000000,3.48357489262148,3.9777578394155153,0.8590001697119335
1692188758736008970,3013,60479000000,3.48357489262148,3.9777578394155153,0.8590001697119335
1692188758785531211,3014,60499000000,3.48357489262148,3.9777578394155153,0.8590001697119335
1692188758785555416,3015,60519000000,3.48357489262148,3.9777578394155153,0.8590001697119335
1692188758793337567,3016,60539000000,3.48357489262148,3.9777578394155153,0.8590001697119335
1692188758812536661,3017,60559000000,3.48357489262148,3.9777578394155153,0.8590001697119335
1692188758857264078,3018,60579000000,3.48357489262148,3.9777578394155153,0.8590001697119335
1692188758905595902,3019,60599000000,3.48357489262148,3.9777578394155153,0.8590001697119335
1692188758905628631,3020,60619000000,3.48357489262148,3.9777578394155153,0.8590001697119335
1692188758905689982,3021,60639000000,3.48357489262148,3.9777578394155153,0.8590001697119335
1692188758905694050,3022,60659000000,3.48357489262148,3.9777578394155153,0.8590001697119335
1692188758965496876,3023,60679000000,3.48357489262148,3.9777578394155153,0.8590001697119335
1692188758979726097,3024,60699000000,3.48357489262148,3.9777578394155153,0.8590001697119335
1692188759025936062,3025,60719000000,3.48357489262148,3.9777578394155153,0.8590001697119335
1692188759026042947,3026,60739000000,3.48357489262148,3.9777578394155153,0.8590001697119335
1692188759026049931,3027,60759000000,3.48357489262148,3.9777578394155153,0.8590001697119335
1692188759026106857,3028,60779000000,3.48357489262148,3.9777578394155153,0.8590001697119335
1692188759075605194,3029,60799000000,3.48357489262148,3.9777578394155153,0.8590001697119335
1692188759075652376,3030,60819000000,3.48357489262148,3.9777578394155153,0.8590001697119335
1692188759095299560,3031,60839000000,3.48357489262148,3.9777578394155153,0.8590001697119335
1692188759096266086,3032,60859000000,3.48357489262148,3.9777578394155153,0.8590001697119335
1692188759145513113,3033,60879000000,3.48357489262148,3.9777578394155153,0.8590001697119335
1692188759205739568,3034,60899000000,3.48357489262148,3.9777578394155153,0.8590001697119335
1692188759205775197,3035,60919000000,3.48357489262148,3.9777578394155153,0.8590001697119335
1692188759205795898,3036,60939000000,3.48357489262148,3.9777578394155153,0.8590001697119335
1692188759205803031,3037,60959000000,3.48357489262148,3.9777578394155153,0.8590001697119335
1692188759255503267,3038,60979000000,3.48357489262148,3.9777578394155153,0.8590001697119335
1692188759263454977,3039,60999000000,3.48357489262148,3.9777578394155153,0.8590001697119335
1692188759315638867,3040,61019000000,3.48357489262148,3.9777578394155153,0.8590001697119335
1692188759315657958,3041,61039000000,3.48357489262148,3.9777578394155153,0.8590001697119335
1692188759315665147,3042,61059000000,3.48357489262148,3.9777578394155153,0.8590001697119335
1692188759315669991,3043,61079000000,3.48357489262148,3.9777578394155153,0.8590001697119335
1692188759365609078,3044,61099000000,3.48357489262148,3.9777578394155153,0.8590001697119335
1692188759365638910,3045,61119000000,3.48357489262148,3.9777578394155153,0.8590001697119335
1692188759431474170,3046,61139000000,3.48357489262148,3.9777578394155153,0.8590001697119335
1692188759431578701,3047,61159000000,3.48357489262148,3.9777578394155153,0.8590001697119335
1692188759485510178,3048,61179000000,3.48357489262148,3.9777578394155153,0.8590001697119335
1692188759485532902,3049,61199000000,3.48357489262148,3.9777578394155153,0.8590001697119335
1692188759535676310,3050,61219000000,3.48357489262148,3.9777578394155153,0.8590001697119335
1692188759535710876,3051,61239000000,3.48357489262148,3.9777578394155153,0.8590001697119335
1692188759535725599,3052,61259000000,3.48357489262148,3.9777578394155153,0.8590001697119335
1692188759535772113,3053,61279000000,3.48357489262148,3.9777578394155153,0.8590001697119335
1692188759585609760,3054,61299000000,3.48357489262148,3.9777578394155153,0.8590001697119335
1692188759585635029,3055,61319000000,3.48357489262148,3.9777578394155153,0.8590001697119335
1692188759603366853,3056,61339000000,3.48357489262148,3.9777578394155153,0.8590001697119335
1692188759603401254,3057,61359000000,3.48357489262148,3.9777578394155153,0.8590001697119335
1692188759645584378,3058,61379000000,3.48357489262148,3.9777578394155153,0.8590001697119335
1692188759645594257,3059,61399000000,3.48357489262148,3.9777578394155153,0.8590001697119335
1692188759695615128,3060,61419000000,3.48357489262148,3.9777578394155153,0.8590001697119335
1692188759695657098,3061,61439000000,3.48357489262148,3.9777578394155153,0.8590001697119335
1692188759745634957,3062,61459000000,3.48357489262148,3.9777578394155153,0.8590001697119335
1692188759745653141,3063,61479000000,3.48357489262148,3.9777578394155153,0.8590001697119335
1692188759795601766,3064,61499000000,3.48357489262148,3.9777578394155153,0.8590001697119335
1692188759795636080,3065,61519000000,3.48357489262148,3.9777578394155153,0.8590001697119335
1692188759845559953,3066,61539000000,3.48357489262148,3.9777578394155153,0.8590001697119335
1692188759845568449,3067,61559000000,3.48357489262148,3.9777578394155153,0.8590001697119335
1692188759845579050,3068,61579000000,3.48357489262148,3.9777578394155153,0.8590001697119335
1692188759845590867,3069,61599000000,3.48357489262148,3.9777578394155153,0.8590001697119335
1692188759905580367,3070,61619000000,3.48357489262148,3.9777578394155153,0.8590001697119335
1692188759905601648,3071,61639000000,3.48357489262148,3.9777578394155153,0.8590001697119335
1692188759905610367,3072,61659000000,3.48357489262148,3.9777578394155153,0.8590001697119335
1692188759930301578,3073,61679000000,3.48357489262148,3.9777578394155153,0.8590001697119335
1692188759940567645,3074,61699000000,3.48357489262148,3.9777578394155153,0.8590001697119335
1692188759995523152,3075,61719000000,3.48357489262148,3.9777578394155153,0.8590001697119335
1692188759995546889,3076,61739000000,3.48357489262148,3.9777578394155153,0.8590001697119335
1692188760055522870,3077,61759000000,3.48357489262148,3.9777578394155153,0.8590001697119335
1692188760055547858,3078,61779000000,3.48357489262148,3.9777578394155153,0.8590001697119335
1692188760106012650,3079,61799000000,3.48357489262148,3.9777578394155153,0.8590001697119335
1692188760106048188,3080,61819000000,3.48357489262148,3.9777578394155153,0.8590001697119335
1692188760106053538,3081,61839000000,3.48357489262148,3.9777578394155153,0.8590001697119335
1692188760106059469,3082,61859000000,3.48357489262148,3.9777578394155153,0.8590001697119335
1692188760155697862,3083,61879000000,3.48357489262148,3.9777578394155153,0.8590001697119335
1692188760167359602,3084,61899000000,3.48357489262148,3.9777578394155153,0.8590001697119335
1692188760225524459,3085,61919000000,3.48357489262148,3.9777578394155153,0.8590001697119335
1692188760225557772,3086,61939000000,3.48357489262148,3.9777578394155153,0.8590001697119335
1692188760225564929,3087,61959000000,3.48357489262148,3.9777578394155153,0.8590001697119335
1692188760285489227,3088,61979000000,3.48357489262148,3.9777578394155153,0.8590001697119335
1692188760285497502,3089,61999000000,3.48357489262148,3.9777578394155153,0.8590001697119335
1692188760285500709,3090,62019000000,3.48357489262148,3.9777578394155153,0.8590001697119335
1692188760335778723,3091,62039000000,3.48357489262148,3.9777578394155153,0.8590001697119335
1692188760335821056,3092,62059000000,3.48357489262148,3.9777578394155153,0.8590001697119335
1692188760335828538,3093,62079000000,3.48357489262148,3.9777578394155153,0.8590001697119335
1692188760385595909,3094,62099000000,3.48357489262148,3.9777578394155153,0.8590001697119335
1692188760385621400,3095,62119000000,3.48357489262148,3.9777578394155153,0.8590001697119335
1692188760395389294,3096,62139000000,3.48357489262148,3.9777578394155153,0.8590001697119335
1692188760395427462,3097,62159000000,3.48357489262148,3.9777578394155153,0.8590001697119335
1692188760445494520,3098,62179000000,3.48357489262148,3.9777578394155153,0.8590001697119335
1692188760495612697,3099,62199000000,3.48357489262148,3.9777578394155153,0.8590001697119335
1692188760495656665,3100,62219000000,3.48357489262148,3.9777578394155153,0.8590001697119335
1692188760495709234,3101,62239000000,3.48357489262148,3.9777578394155153,0.8590001697119335
1692188760495737200,3102,62259000000,3.48357489262148,3.9777578394155153,0.8590001697119335
1692188760555531900,3103,62279000000,3.48357489262148,3.9777578394155153,0.8590001697119335
1692188760564156979,3104,62299000000,3.48357489262148,3.9777578394155153,0.8590001697119335
1692188760615638945,3105,62319000000,3.48357489262148,3.9777578394155153,0.8590001697119335
1692188760615652952,3106,62339000000,3.48357489262148,3.9777578394155153,0.8590001697119335
1692188760615656449,3107,62359000000,3.48357489262148,3.9777578394155153,0.8590001697119335
1692188760675463715,3108,62379000000,3.48357489262148,3.9777578394155153,0.8590001697119335
